  0.936044693    
  0.900532663    
  0.800696790    
  0.824148178    
  0.832858682    
  0.746423602    
  0.734362900    
  0.701530993    
  0.631176889    
  0.618446171    
  0.590974569    
  0.531341076    
  0.554792404    
  0.530671000    
  0.516600192    
  0.455626637    
  0.464337140    
  0.441555798    
  0.391302884    
  0.359140992    
  0.348420352    
  0.365841389    
  0.328989238    
  0.306877941    
  0.285436690    
  0.291467041    
  0.297497392    
  0.261315286    
  0.263325393    
  0.245904371    
  0.231833547    
  0.186940923    
  0.211062342    
  0.208382174    
  0.172870100    
  0.177560374    
  0.169519901    
  0.163489550    
  0.139368147    
  0.146738574    
  0.140038192    
  0.138028070    
  0.116586812    
  0.119266972    
  0.103856072    
  0.107206263    
  0.101175912    
  0.103856072    
   8.50949734E-02
   9.38054845E-02
   9.24654081E-02
   7.57144243E-02
   7.83945844E-02
   7.16941878E-02
   6.16436042E-02
   5.29330932E-02
   6.29836842E-02
   6.23136424E-02
   6.09735623E-02
   5.29330932E-02
   5.76233678E-02
   4.22124676E-02
   4.75727804E-02
   4.28825058E-02
   4.15424295E-02
   3.61821167E-02
   4.28825058E-02
   2.94817239E-02
   3.55120748E-02
   3.75221930E-02
   2.47914493E-02
   3.01517621E-02
   2.61315275E-02
   2.94817239E-02
   2.14412529E-02
   2.27813311E-02
   1.87610965E-02
   2.14412529E-02
   2.27813311E-02
   1.54109010E-02
   1.67509783E-02
   1.67509783E-02
   1.74210183E-02
   1.27307437E-02
   1.47408620E-02
   1.20607046E-02
   1.34007828E-02
   1.34007828E-02
   1.07206265E-02
   1.20607046E-02
   6.70039142E-03
   8.04047007E-03
   4.02023504E-03
   1.00505874E-02
   6.03035232E-03
   8.04047007E-03
   8.04047007E-03
   5.36031323E-03
   6.03035232E-03
   4.69027413E-03
