   1.01514995    
  0.921764195    
  0.879438281    
  0.847189963    
  0.802176714    
  0.767912865    
  0.725587010    
  0.699385226    
  0.668480575    
  0.603983998    
  0.626154721    
  0.572407484    
  0.542174697    
  0.518660307    
  0.507239044    
  0.454163700    
  0.421243548    
  0.424602747    
  0.386979729    
  0.345997483    
  0.380933166    
  0.318452060    
  0.331217021    
  0.310389996    
  0.286203742    
  0.267392248    
  0.255970955    
  0.257986486    
  0.260002017    
  0.224394500    
  0.227753699    
  0.211629540    
  0.176022023    
  0.201551944    
  0.175350189    
  0.153851315    
  0.159897879    
  0.169975474    
  0.165944427    
  0.157210514    
  0.129665077    
  0.120259322    
  0.138399005    
  0.104807012    
  0.113540925    
   9.60730910E-02
  0.100104131    
   8.80110115E-02
   9.06983763E-02
   9.74167734E-02
   8.33081380E-02
   6.71839789E-02
   6.85276613E-02
   7.86052570E-02
   5.97937405E-02
   6.04655817E-02
   5.03879860E-02
   5.17316647E-02
   4.90443036E-02
   5.30753434E-02
   5.17316647E-02
   3.96385491E-02
   5.17316647E-02
   4.23259065E-02
   4.03103866E-02
   3.56075093E-02
   3.96385491E-02
   4.03103866E-02
   2.95609515E-02
   3.02327909E-02
   2.95609515E-02
   3.15764695E-02
   3.29201519E-02
   2.01551933E-02
   2.75454316E-02
   3.42638306E-02
   1.94833539E-02
   2.21707132E-02
   2.14988738E-02
   1.74678341E-02
   1.81396753E-02
   8.73391703E-03
   1.67959947E-02
   1.47804758E-02
   1.67959947E-02
   1.67959947E-02
   1.27649559E-02
   1.00775966E-02
   1.00775966E-02
   1.07494369E-02
   1.20931165E-02
   6.04655826E-03
   1.14212763E-02
   1.14212763E-02
   8.73391703E-03
   8.73391703E-03
   5.37471846E-03
   6.04655826E-03
   4.70287865E-03
   8.06207769E-03
