   2.67379684E-03
   2.00534761E-02
   6.41711205E-02
  0.122994654    
  0.219919786    
  0.288101614    
  0.382352948    
  0.481951863    
  0.608957231    
  0.663770080    
  0.782754004    
  0.794117630    
  0.888368964    
  0.993315518    
  0.983288765    
  0.975267351    
  0.965240657    
  0.932486653    
  0.892379701    
  0.845588207    
  0.797459900    
  0.697860956    
  0.688502669    
  0.665106952    
  0.604278088    
  0.482620329    
  0.475935817    
  0.407085568    
  0.348930478    
  0.339572191    
  0.280080199    
  0.245989308    
  0.237299472    
  0.195187166    
  0.167112306    
  0.138368979    
  0.120320857    
  0.107620321    
   9.29144397E-02
   8.15507993E-02
   7.68716559E-02
   6.55080229E-02
   6.81818202E-02
   5.74866310E-02
   5.28074875E-02
   4.74598929E-02
   4.47860956E-02
   2.94117648E-02
   2.74064168E-02
   3.07486635E-02
   2.80748662E-02
   3.07486635E-02
   2.47326195E-02
   2.00534761E-02
   2.47326195E-02
   1.67112295E-02
   1.60427801E-02
   1.60427801E-02
   1.53743317E-02
   1.80481281E-02
   1.20320851E-02
   9.35828872E-03
   1.40374331E-02
   1.33689838E-02
   7.35294120E-03
   1.06951874E-02
   1.27005344E-02
   7.35294120E-03
   6.01604255E-03
   8.68983939E-03
   6.68449188E-03
   2.00534752E-03
   6.68449188E-03
   1.06951874E-02
   2.67379684E-03
   4.67914436E-03
   5.34759369E-03
   3.34224594E-03
   5.34759369E-03
   4.01069503E-03
   6.01604255E-03
   4.01069503E-03
   4.67914436E-03
   2.67379684E-03
   3.34224594E-03
   4.67914436E-03
   2.67379684E-03
   2.00534752E-03
   3.34224594E-03
   1.33689842E-03
   6.68449211E-04
   2.67379684E-03
   1.33689842E-03
   4.67914436E-03
   3.34224594E-03
   2.67379684E-03
   6.68449211E-04
   0.00000000    
   6.68449211E-04
   2.67379684E-03
