   6.00400288E-03
   1.66777857E-02
   5.53702451E-02
  0.101400934    
  0.144763172    
  0.236824542    
  0.306871235    
  0.391594410    
  0.424282849    
  0.533689141    
  0.630420268    
  0.683122098    
  0.782521665    
  0.847898602    
  0.870580375    
  0.918612421    
  0.944629729    
  0.951300859    
  0.941961288    
  0.913275540    
  0.889259517    
  0.846564353    
  0.809206128    
  0.728485644    
  0.731821239    
  0.667111397    
  0.611074030    
  0.558372259    
  0.480320215    
  0.426284194    
  0.400266856    
  0.345563710    
  0.290193468    
  0.274182796    
  0.197464973    
  0.180120081    
  0.162108079    
  0.149432957    
  0.108739160    
   9.13942605E-02
   8.13875943E-02
   6.07071370E-02
   4.66977991E-02
   3.20213474E-02
   2.40160115E-02
   2.46831216E-02
   1.66777857E-02
   1.26751168E-02
   1.40093397E-02
   6.00400288E-03
   1.06737828E-02
   4.00266843E-03
   4.00266843E-03
   2.66844570E-03
   3.33555695E-03
   1.33422285E-03
   2.00133421E-03
   1.33422285E-03
   6.67111424E-04
   6.67111424E-04
   6.67111424E-04
   0.00000000    
   0.00000000    
   0.00000000    
   0.00000000    
   0.00000000    
   0.00000000    
   0.00000000    
   0.00000000    
   0.00000000    
   0.00000000    
   0.00000000    
   0.00000000    
   0.00000000    
   0.00000000    
   0.00000000    
   0.00000000    
   0.00000000    
   0.00000000    
   0.00000000    
   0.00000000    
   0.00000000    
   0.00000000    
   0.00000000    
   0.00000000    
   0.00000000    
   0.00000000    
   0.00000000    
   0.00000000    
   0.00000000    
   0.00000000    
   0.00000000    
   0.00000000    
   0.00000000    
   0.00000000    
   0.00000000    
   0.00000000    
   0.00000000    
   0.00000000    
   0.00000000    
