0.000000
0.050505
0.101010
0.151515
0.202020
0.252525
0.303030
0.353535
0.404040
0.454545
0.505051
0.555556
0.606061
0.656566
0.707071
0.757576
0.808081
0.858586
0.909091
0.959596
1.010101
1.060606
1.111111
1.161616
1.212121
1.262626
1.313131
1.363636
1.414141
1.464646
1.515152
1.565657
1.616162
1.666667
1.717172
1.767677
1.818182
1.868687
1.919192
1.969697
2.020202
2.070707
2.121212
2.171717
2.222222
2.272727
2.323232
2.373737
2.424242
2.474747
2.525253
2.575758
2.626263
2.676768
2.727273
2.777778
2.828283
2.878788
2.929293
2.979798
3.030303
3.080808
3.131313
3.181818
3.232323
3.282828
3.333333
3.383838
3.434343
3.484848
3.535354
3.585859
3.636364
3.686869
3.737374
3.787879
3.838384
3.888889
3.939394
3.989899
4.040404
4.090909
4.141414
4.191919
4.242424
4.292929
4.343434
4.393939
4.444444
4.494949
4.545455
4.595960
4.646465
4.696970
4.747475
4.797980
4.848485
4.898990
4.949495
5.000000
