   0.0000000000000000        2.3094882702480533E-021
  0.10000000000000001        1.5875697615313362E-009
  0.20000000000000001        4.7468304116648563E-009
  0.30000000000000004        9.4461830250817369E-009
  0.40000000000000002        1.5638624676462506E-008
  0.50000000000000000        2.3262218563797878E-008
  0.60000000000000009        3.2240713500252247E-008
  0.70000000000000007        4.2484306578582627E-008
  0.80000000000000004        5.3890541379796880E-008
  0.90000000000000002        6.6345332742262029E-008
   1.0000000000000000        7.9724107841541233E-008
   1.1000000000000001        9.3893052167734450E-008
   1.2000000000000002        1.0871044793828107E-007
   1.3000000000000000        1.2402809155921162E-007
   1.4000000000000001        1.3969277595749233E-007
   1.5000000000000000        1.5554782295819959E-007
   1.6000000000000001        1.7143465037964681E-007
   1.7000000000000002        1.8719435817239085E-007
   1.8000000000000000        2.0266931773749556E-007
   1.9000000000000001        2.1770474852785607E-007
   2.0000000000000000        2.3215026616318962E-007
   2.1000000000000001        2.4586138657467798E-007
   2.2000000000000002        2.5870097113458870E-007
   2.3000000000000003        2.7054059831686643E-007
   2.4000000000000004        2.8126184816924872E-007
   2.5000000000000000        2.9075748674964568E-007
   2.6000000000000001        2.9893253868001895E-007
   2.7000000000000002        3.0570523709015928E-007
   2.8000000000000003        3.1100784144986633E-007
   2.9000000000000004        3.1478731510983273E-007
   3.0000000000000000        3.1700585577410384E-007
   3.1000000000000001        3.1764127359876599E-007
   3.2000000000000002        3.1668721313464908E-007
   3.3000000000000003        3.1415321689461704E-007
   3.4000000000000004        3.1006462990931657E-007
   3.5000000000000000        3.0446234622618744E-007
   3.6000000000000001        2.9740239988717947E-007
   3.7000000000000002        2.8895540447627987E-007
   3.8000000000000003        2.7920584684244514E-007
   3.9000000000000004        2.6825124206211164E-007
   4.0000000000000000        2.5620115809336415E-007
   4.1000000000000005        2.4317611987727424E-007
   4.2000000000000002        2.2930640384737730E-007
   4.2999999999999998        2.1473073490480473E-007
   4.4000000000000004        1.9959489889176479E-007
   4.5000000000000000        1.8405028444157464E-007
   4.6000000000000005        1.6825236878953307E-007
   4.7000000000000002        1.5235916268954181E-007
   4.8000000000000007        1.3652962999063007E-007
   4.9000000000000004        1.2092209768042753E-007
   5.0000000000000000        1.0569267229866042E-007
   5.1000000000000005        9.0993678559516915E-008
   5.2000000000000002        7.6972135799849105E-008
   5.3000000000000007        6.3768287491744635E-008
   5.4000000000000004        5.1514198527299653E-008
   5.5000000000000000        4.0332434305553086E-008
   5.6000000000000005        3.0334834833381225E-008
   5.7000000000000002        2.1621396101698051E-008
   5.8000000000000007        1.4279269925561922E-008
   5.9000000000000004        8.3818922517463782E-009
   6.0000000000000000        3.9882486523018812E-009
   6.1000000000000005        1.1422843509858852E-009
   6.2000000000000002       -1.2753531701336348E-010
   6.3000000000000007        1.9149038477093889E-010
   6.4000000000000004        2.0961705612342195E-009
   6.5000000000000000        5.5674546010684217E-009
   6.6000000000000005        1.0570622720951148E-008
   6.7000000000000002        1.7055633232844364E-008
   6.8000000000000007        2.4957623060968426E-008
   6.9000000000000004        3.4197556502267572E-008
   7.0000000000000000        4.4683015741534906E-008
   7.1000000000000005        5.6309125214416936E-008
   7.2000000000000002        6.8959600572795424E-008
   7.3000000000000007        8.2507911760890141E-008
   7.4000000000000004        9.6818548568818401E-008
   7.5000000000000000        1.1174837600580288E-007
   7.6000000000000005        1.2714806593633345E-007
   7.7000000000000002        1.4286359066018325E-007
   7.8000000000000007        1.5873776349749055E-007
   7.9000000000000004        1.7461181096994341E-007
   8.0000000000000000        1.9032696085315411E-007
   8.0999999999999996        2.0572603021639164E-007
   8.2000000000000011        2.2065499756637364E-007
   8.3000000000000007        2.3496454337014016E-007
   8.4000000000000004        2.4851154354916929E-007
   8.5000000000000000        2.6116050100628330E-007
   8.5999999999999996        2.7278490086774939E-007
   8.7000000000000011        2.8326847588497774E-007
   8.8000000000000007        2.9250636933960815E-007
   8.9000000000000004        3.0040618382037830E-007
   9.0000000000000000        3.0688890538206926E-007
   9.0999999999999996        3.1188969384295646E-007
   9.2000000000000011        3.1535853131637867E-007
   9.3000000000000007        3.1726072248955492E-007
   9.4000000000000004        3.1757724164619986E-007
   9.5000000000000000        3.1630492296165562E-007
   9.6000000000000014        3.1345649216756237E-007
   9.7000000000000011        3.0906043926898166E-007
   9.8000000000000007        3.0316073358744825E-007
   9.9000000000000004        2.9581638397980014E-007
   10.000000000000000        2.8710084863151979E-007
   10.100000000000001        2.7710130032804492E-007
   10.200000000000001        2.6591775455250778E-007
   10.300000000000001        2.5366206913087776E-007
   10.400000000000000        2.4045682542995090E-007
   10.500000000000000        2.2643410229856233E-007
   10.600000000000001        2.1173415501486174E-007
   10.700000000000001        1.9650401245305806E-007
   10.800000000000001        1.8089600650057122E-007
   10.900000000000000        1.6506624843451221E-007
   11.000000000000000        1.4917306749662919E-007
   11.100000000000001        1.3337542728425677E-007
   11.200000000000001        1.1783133579637335E-007
   11.300000000000001        1.0269626503759703E-007
   11.400000000000000        8.8121595987176150E-008
   11.500000000000000        7.4253104486405762E-008
   11.600000000000001        6.1229503188657885E-008
   11.700000000000001        4.9181054155420976E-008
   11.800000000000001        3.8228265975147698E-008
   11.900000000000000        2.8480688436283366E-008
   12.000000000000000        2.0035816810350368E-008
   12.100000000000001        1.2978116704218523E-008
   12.200000000000001        7.3781792350324481E-009
   12.300000000000001        3.2920149779254831E-009
   12.400000000000000        7.6049374821577068E-010
   12.500000000000000       -1.9106417852448098E-010
   12.600000000000001        4.4685868020399655E-010
   12.700000000000001        2.6678818198963670E-009
   12.800000000000001        6.4497905668827365E-009
   12.900000000000000        1.1754758269500344E-008
   13.000000000000000        1.8529724640263668E-008
   13.100000000000001        2.6706926464841443E-008
   13.200000000000001        3.6204575369779743E-008
   13.300000000000001        4.6927675869768523E-008
   13.400000000000000        5.8768975512546410E-008
   13.500000000000000        7.1610037617903804E-008
   13.600000000000001        8.5322425881372531E-008
   13.700000000000001        9.9768988994161387E-008
   13.800000000000001        1.1480523243058901E-007
   13.900000000000000        1.3028076368229225E-007
   14.000000000000000        1.4604079648413280E-007
   14.100000000000001        1.6192769898647607E-007
   14.200000000000001        1.7778257038888111E-007
   14.300000000000001        1.9344683026601299E-007
   14.400000000000000        2.0876380468900583E-007
   14.500000000000000        2.2358029327814637E-007
   14.600000000000001        2.3774810151309388E-007
   14.700000000000001        2.5112552297445503E-007
   14.800000000000001        2.6357875669144075E-007
   14.900000000000000        2.7498324541916745E-007
   15.000000000000000        2.8522492146023722E-007
   15.100000000000001        2.9420134756987269E-007
   15.200000000000001        3.0182274153321246E-007
   15.300000000000001        3.0801287416708864E-007
   15.400000000000000        3.1270983176427404E-007
   15.500000000000000        3.1586663535440182E-007
   15.600000000000001        3.1745171058766175E-007
   15.700000000000001        3.1744920354140715E-007
   15.800000000000001        3.1585913929110884E-007
   15.900000000000000        3.1269742165956269E-007
   16.000000000000000        3.0799567414683637E-007
   16.100000000000001        3.0180092363201800E-007
   16.199999999999999        2.9417513001037861E-007
   16.300000000000001        2.8519456647048691E-007
   16.400000000000002        2.7494905660976152E-007
   16.500000000000000        2.6354107601886991E-007
   16.600000000000001        2.5108472732080064E-007
   16.699999999999999        2.3770459891649091E-007
   16.800000000000001        2.2353451885157079E-007
   16.900000000000002        2.0871621626827941E-007
   17.000000000000000        1.9339790383051950E-007
   17.100000000000001        1.7773279530083293E-007
   17.199999999999999        1.6187757309630939E-007
   17.300000000000001        1.4599082115101516E-007
   17.400000000000002        1.3023143875949373E-007
   17.500000000000000        1.1475705126600114E-007
   17.600000000000001        9.9722433495802405E-008
   17.699999999999999        8.5277961697326592E-008
   17.800000000000001        7.1568109478955621E-008
   17.900000000000002        5.8730002783948856E-008
   18.000000000000000        4.6892048356756443E-008
   18.100000000000001        3.6172649418727726E-008
   18.199999999999999        2.6679021399128529E-008
   18.300000000000001        1.8506119566343482E-008
   18.400000000000002        1.1735689285348198E-008
   18.500000000000000        6.4354484004715145E-009
   18.600000000000001        2.6584099215710900E-009
   18.699999999999999        4.4235178788992485E-010
   18.800000000000001       -1.9056098687709776E-010
   18.900000000000002        7.6600199088994461E-010
   19.000000000000000        3.3024731781924923E-009
   19.100000000000001        7.3934827899707730E-009
   19.200000000000003        1.2998112547661485E-008
   19.300000000000001        2.0060304943880041E-008
   19.400000000000002        2.8509423929572132E-008
   19.500000000000000        3.8260961415798467E-008
   19.600000000000001        4.9217382523638514E-008
   19.700000000000003        6.1269101128090175E-008
   19.800000000000001        7.4295575938455939E-008
   19.900000000000002        8.8166516152379986E-008
   20.000000000000000        1.0274318462446275E-007
   20.100000000000001        1.1787978551517634E-007
   20.200000000000003        1.3342492254092196E-007
   20.300000000000001        1.4922311323958509E-007
   20.400000000000002        1.6511634410622652E-007
   20.500000000000000        1.8094565104413914E-007
   20.600000000000001        1.9655270932375212E-007
   20.700000000000003        2.1178141714656511E-007
   20.800000000000001        2.2647945697543805E-007
   20.900000000000002        2.4049981901451994E-007
   21.000000000000000        2.5370227160129004E-007
   21.100000000000001        2.6595476380366755E-007
   21.200000000000003        2.7713474619340600E-007
   21.300000000000001        2.8713039658553028E-007
   21.400000000000002        2.9584173848382393E-007
   21.500000000000000        3.0318164104574975E-007
   21.600000000000001        3.0907669056513527E-007
   21.700000000000003        3.1346792475611773E-007
   21.800000000000001        3.1631142249387175E-007
   21.900000000000002        3.1757874311372260E-007
   22.000000000000000        3.1725721087472956E-007
   22.100000000000001        3.1535004174236563E-007
   22.200000000000003        3.1187631122248540E-007
   22.300000000000001        3.0687076356810691E-007
   22.400000000000002        3.0038346426734415E-007
   22.500000000000000        2.9247929928848998E-007
   22.600000000000001        2.8323732609041312E-007
   22.700000000000003        2.7274998288999355E-007
   22.800000000000001        2.6112216409495278E-007
   22.900000000000002        2.4847017115005473E-007
   23.000000000000000        2.3492054928998839E-007
   23.100000000000001        2.2060882183396744E-007
   23.200000000000003        2.0567813468142205E-007
   23.300000000000001        1.9027782456676002E-007
   23.400000000000002        1.7456192539326934E-007
   23.500000000000000        1.5868762758607175E-007
   23.600000000000001        1.4281370587342137E-007
   23.700000000000003        1.2709893122186528E-007
   23.800000000000001        1.1170048280904680E-007
   23.900000000000002        9.6772375917530042E-008
   24.000000000000000        8.2463921473935734E-008
   24.100000000000001        6.8918232641035941E-008
   24.200000000000003        5.6270793399899301E-008
   24.300000000000001        4.4648103439076800E-008
   24.400000000000002        3.4166412904722868E-008
   24.500000000000000        2.4930559666600386E-008
   24.600000000000001        1.7032920729726155E-008
   24.700000000000003        1.0552488279538439E-008
   24.800000000000001        5.5540796020536746E-009
   24.900000000000002        2.0876887813612636E-009
   25.000000000000000        1.8798665879360950E-010
   25.100000000000001       -1.2602594482506687E-010
   25.200000000000003        1.1487917245920737E-009
   25.300000000000001        3.9996889405958518E-009
   25.400000000000002        8.3981510289401168E-009
   25.500000000000000        1.4300184571381064E-008
   25.600000000000001        2.1646757427839340E-008
   25.700000000000003        3.0364389175863887E-008
   25.800000000000001        4.0365886061845120E-008
   25.900000000000002        5.1551213112923085E-008
   26.000000000000000        6.3808494686813148E-008
   26.100000000000001        7.7015133452004559E-008
   26.200000000000003        9.1039036606224270E-008
   26.300000000000001        1.0573993706873522E-007
   26.400000000000002        1.2097079643163635E-007
   26.500000000000000        1.3657927563806009E-007
   26.600000000000001        1.5240925867741416E-007
   26.700000000000003        1.6830241405777422E-007
   26.800000000000001        1.8409977843741854E-007
   26.900000000000002        1.9964334657625154E-007
   27.000000000000000        2.1477765170419468E-007
   27.100000000000001        2.2935132049983223E-007
   27.200000000000003        2.4321858712643204E-007
   27.300000000000001        2.5624075118179756E-007
   27.400000000000002        2.6828756497974346E-007
   27.500000000000000        2.7923853628745152E-007
   27.600000000000001        2.8898413348882657E-007
   27.700000000000003        2.9742688111967300E-007
   27.800000000000001        3.0448233481733828E-007
   27.900000000000002        3.1007992593325230E-007
   28.000000000000000        3.1416366736048983E-007
   28.100000000000001        3.1669271351690599E-007
   28.200000000000003        3.1764176888257481E-007
   28.300000000000001        3.1700134100565488E-007
   28.400000000000002        3.1477783544582303E-007
   28.500000000000000        3.1099349170589970E-007
   28.600000000000001        3.0568616079237087E-007
   28.700000000000003        2.9890892662954728E-007
   28.800000000000001        2.9072957511422134E-007
   28.900000000000002        2.8122991612104873E-007
   29.000000000000000        2.7050496524024115E-007
   29.100000000000001        2.5866199343158091E-007
   29.200000000000003        2.4581945410027329E-007
   29.300000000000001        2.3210579832599739E-007
   29.400000000000002        2.1765819009518840E-007
   29.500000000000000        2.0262113438681007E-007
   29.600000000000001        1.8714503183355354E-007
   29.700000000000003        1.7138467441471189E-007
   29.800000000000001        1.5549769722676498E-007
   29.900000000000002        1.3964300181713129E-007
   30.000000000000000        1.2397916685088803E-007
   30.100000000000001        1.0866286200692906E-007
   30.200000000000003        9.3847280967836432E-008
   30.300000000000001        7.9680609176651138E-008
   30.400000000000002        6.6304541686036984E-008
   30.500000000000000        5.3852865924374148E-008
   30.600000000000001        4.2450123553884171E-008
   30.700000000000003        3.2210364804883382E-008
   30.800000000000001        2.3236007745413037E-008
   30.900000000000002        1.5616813895671336E-008
   31.000000000000000        9.4289904333197167E-009
   31.100000000000001        4.7344279692322813E-009
   31.200000000000003        1.5800815176467497E-009
   31.300000000000001       -2.4991479038168766E-012
   31.400000000000002        2.5149445509908840E-012
   31.500000000000000        1.5950736440567767E-009
   31.600000000000001        4.7592481783400171E-009
   31.700000000000003        9.4633904733942423E-009
   31.800000000000001        1.5660449697522947E-008
   31.900000000000002        2.3288442863727442E-008
   32.000000000000000        3.2271074783618074E-008
   32.100000000000001        4.2518501171813210E-008
   32.200000000000003        5.3928227268566243E-008
   32.300000000000004        6.6386132992310201E-008
   32.399999999999999        7.9767614368757427E-008
   32.500000000000000        9.3938829819846651E-008
   32.600000000000001        1.0875803884720077E-007
   32.700000000000003        1.2407701972065073E-007
   32.800000000000004        1.3974255199198437E-007
   32.899999999999999        1.5559794900584407E-007
   33.000000000000000        1.7148462507971448E-007
   33.100000000000001        1.8724368167791796E-007
   33.200000000000003        2.0271749671477709E-007
   33.300000000000004        2.1775130109075652E-007
   33.399999999999999        2.3219472669297135E-007
   33.500000000000000        2.4590331037711282E-007
   33.600000000000001        2.5873993888780709E-007
   33.700000000000003        2.7057622026538964E-007
   33.800000000000004        2.8129376802235273E-007
   33.899999999999999        2.9078538524495400E-007
   34.000000000000000        2.9895613677678145E-007
   34.100000000000001        3.0572429876018988E-007
   34.200000000000003        3.1102217603837165E-007
   34.300000000000004        3.1479677924222845E-007
   34.399999999999999        3.1701035479015571E-007
   34.500000000000000        3.1764076249930103E-007
   34.600000000000001        3.1668169703168990E-007
   34.700000000000003        3.1414275096022366E-007
   34.800000000000004        3.1004931882376830E-007
   34.899999999999999        3.0444234313095952E-007
   35.000000000000000        2.9737790485323455E-007
   35.100000000000001        2.8892666250296101E-007
   35.200000000000003        2.7917314540697138E-007
   35.300000000000004        2.6821490824422973E-007
   35.399999999999999        2.5616155530392624E-007
   35.500000000000000        2.4313364422338659E-007
   35.600000000000001        2.2926148017054902E-007
   35.700000000000003        2.1468381253164351E-007
   35.800000000000004        1.9954644713984317E-007
   35.899999999999999        1.8400078792532495E-007
   36.000000000000000        1.6820232257311450E-007
   36.100000000000001        1.5230906733523359E-007
   36.200000000000003        1.3647998655215663E-007
   36.300000000000004        1.2087340269146566E-007
   36.399999999999999        1.0564541280649493E-007
   36.500000000000000        9.0948327253593574E-008
   36.600000000000001        7.6929146283939037E-008
   36.700000000000003        6.3728089746986198E-008
   36.800000000000004        5.1477194611533761E-008
   36.899999999999999        4.0298994331955515E-008
   37.000000000000000        3.0305293268573709E-008
   37.100000000000001        2.1596048420408702E-008
   37.200000000000003        1.4258369655312859E-008
   37.300000000000004        8.3656484370291610E-009
   37.399999999999999        3.9768237637656212E-009
   37.500000000000000        1.1357926603441040E-009
   37.600000000000001       -1.2902887984613975E-010
   37.700000000000003        1.9500988836047453E-010
   37.800000000000004        2.1046679291658885E-009
   37.899999999999999        5.5808448426563135E-009
   38.000000000000000        1.0588771907009596E-008
   38.100000000000001        1.7078359835209513E-008
   38.200000000000003        2.4984699768161728E-008
   38.300000000000004        3.4228712493061375E-008
   38.400000000000006        4.4717939393702232E-008
   38.500000000000000        5.6347467221588565E-008
   38.600000000000001        6.9000977438220350E-008
   38.700000000000003        8.2551909633137009E-008
   38.800000000000004        9.6864727381176119E-008
   38.900000000000006        1.1179627387778632E-007
   39.000000000000000        1.2719720379342052E-007
   39.100000000000001        1.4291347702552220E-007
   39.200000000000003        1.5878789940764706E-007
   39.300000000000004        1.7466169496555224E-007
   39.400000000000006        1.9037609399446647E-007
   39.500000000000000        2.0577392107374193E-007
   39.600000000000001        2.2070116713538425E-007
   39.700000000000003        2.3500852986279755E-007
   39.800000000000004        2.4855290701254688E-007
   39.900000000000006        2.6119882772302856E-007
   40.000000000000000        2.7281980749403627E-007
   40.100000000000001        2.8329961328472751E-007
   40.200000000000003        2.9253342607654819E-007
   40.300000000000004        3.0042888927301676E-007
   40.400000000000006        3.0690703245046501E-007
   40.500000000000000        3.1190306122018115E-007
   40.600000000000001        3.1536700530190677E-007
   40.700000000000003        3.1726421832660052E-007
   40.800000000000004        3.1757572436938468E-007
   40.900000000000006        3.1629840774680358E-007
   41.000000000000000        3.1344504417983162E-007
   41.100000000000001        3.0904417301116015E-007
   41.200000000000003        3.0313981175464495E-007
   41.300000000000004        2.9579101583217742E-007
   41.400000000000006        2.8707128790129801E-007
   41.500000000000000        2.7706784268165706E-007
   41.600000000000001        2.6588073463334174E-007
   41.700000000000003        2.5362185721214774E-007
   41.800000000000004        2.4041382371129345E-007
   41.900000000000006        2.2638874088315995E-007
   42.000000000000000        2.1168688760760574E-007
   42.100000000000001        1.9645531182255394E-007
   42.200000000000003        1.8084635975052904E-007
   42.300000000000004        1.6501615213172519E-007
   42.400000000000006        1.4912302270432929E-007
   42.500000000000000        1.3332593455046380E-007
   42.600000000000001        1.1778289014741342E-007
   42.700000000000003        1.0264935102686438E-007
   42.800000000000004        8.8076682848602486E-008
   42.900000000000006        7.4210641441199845E-008
   43.000000000000000        6.1189914952215103E-008
   43.100000000000001        4.9144736689284565E-008
   43.200000000000003        3.8195582526604671E-008
   43.300000000000004        2.8451965905200024E-008
   43.400000000000006        2.0011342479488255E-008
   43.500000000000000        1.2958135365829469E-008
   43.600000000000001        7.3628907424684595E-009
   43.700000000000003        3.2815722466948040E-009
   43.800000000000004        7.5500122651180322E-010
   43.900000000000006       -1.9155155449549285E-010
   44.000000000000000        4.5138132470139251E-010
   44.100000000000001        2.6773692493640710E-009
   44.200000000000003        6.4641478880486397E-009
   44.300000000000004        1.1773841880449551E-008
   44.400000000000006        1.8553343666701738E-008
   44.500000000000000        2.6734844669276245E-008
   44.600000000000001        3.6236513514325191E-008
   44.700000000000003        4.6963314509107157E-008
   44.800000000000004        5.8807958188991182E-008
   44.900000000000006        7.1651974426719857E-008
   45.000000000000000        8.5366897370606636E-008
   45.100000000000001        9.9815550359965478E-008
   45.200000000000003        1.1485341796617798E-007
   45.300000000000004        1.3033009143593365E-007
   45.400000000000006        1.4609077307963450E-007
   45.500000000000000        1.6197782455792551E-007
   45.600000000000001        1.7783234358030436E-007
   45.700000000000003        1.9349575324593986E-007
   45.800000000000004        2.0881138812978856E-007
   45.900000000000006        2.2362606125021587E-007
   46.000000000000000        2.3779159624517332E-007
   46.100000000000001        2.5116630943223546E-007
   46.200000000000003        2.6361642692876684E-007
   46.300000000000004        2.7501742265833296E-007
   46.400000000000006        2.8525526386048073E-007
   46.500000000000000        2.9422755164650639E-007
   46.600000000000001        3.0184454519305626E-007
   46.700000000000003        3.0803005932994870E-007
   46.800000000000004        3.1272222654413332E-007
   46.900000000000006        3.1587411577868420E-007
   47.000000000000000        3.1745420183714820E-007
   47.100000000000001        3.1744668069862812E-007
   47.200000000000003        3.1585162758952634E-007
   47.300000000000004        3.1268499623123220E-007
   47.400000000000006        3.0797845927088628E-007
   47.500000000000000        3.0177909149165146E-007
   47.600000000000001        2.9414889897065343E-007
   47.700000000000003        2.8516419889426798E-007
   47.800000000000004        2.7491485623354991E-007
   47.900000000000006        2.6350338491482183E-007
   48.000000000000000        2.5104392247535234E-007
   48.100000000000001        2.3766108845971144E-007
   48.200000000000003        2.2348873797505575E-007
   48.300000000000004        2.0866862287235101E-007
   48.400000000000006        1.9334897394433406E-007
   48.500000000000000        1.7768301832111964E-007
   48.600000000000001        1.6182744689241685E-007
   48.700000000000003        1.4594084708524304E-007
   48.800000000000004        1.3018211667245204E-007
   48.900000000000006        1.1470887447721237E-007
   49.000000000000000        9.9675883869507336E-008
   49.100000000000001        8.5233504822906082E-008
   49.200000000000003        7.1526190014053100E-008
   49.300000000000004        5.8691040007074663E-008
   49.400000000000006        4.6856431973592224E-008
   49.500000000000000        3.6140735664353660E-008
   49.600000000000001        2.6651129474911941E-008
   49.700000000000003        1.8482528447325494E-008
   49.800000000000004        1.1716634929886449E-008
   49.900000000000006        6.4211213902358979E-009
   50.000000000000000        2.6489535553274604E-009
   50.100000000000001        4.3786064821277018E-010
   50.200000000000003       -1.9004197961796914E-010
   50.300000000000004        7.7152595398906080E-010
   50.400000000000006        3.3129468464381587E-009
   50.500000000000000        7.4088014057237887E-009
   50.600000000000001        1.3018122894141621E-008
   50.700000000000003        2.0084806877600356E-008
   50.800000000000004        2.8538172382186542E-008
   50.900000000000006        3.8293668845283135E-008
   51.000000000000000        4.9253721790277252E-008
   51.100000000000001        6.1308708766537616E-008
   51.200000000000003        7.4338055793104558E-008
   51.300000000000004        8.8211443339719227E-008
   51.400000000000006        1.0279010978276500E-007
   51.500000000000000        1.1792823929900041E-007
   51.600000000000001        1.3347442031551171E-007
   51.700000000000003        1.4927315992820373E-007
   51.800000000000004        1.6516643914189098E-007
   51.900000000000006        1.8099529337629832E-007
   52.000000000000000        1.9660140242977287E-007
   52.100000000000001        2.1182867399801923E-007
   52.200000000000003        2.2652480490928722E-007
   52.300000000000004        2.4054280446071691E-007
   52.400000000000006        2.5374246461941136E-007
   52.500000000000000        2.6599176238313180E-007
   52.600000000000001        2.7716818027441967E-007
   52.700000000000003        2.8715993176041546E-007
   52.800000000000004        2.9586707934175684E-007
   52.900000000000006        3.0320253412745664E-007
   53.000000000000000        3.0909292689803476E-007
   53.100000000000001        3.1347934194437505E-007
   53.200000000000003        3.1631790634278687E-007
   53.300000000000004        3.1758022877184268E-007
   53.400000000000006        3.1725368348249631E-007
   53.500000000000000        3.1534153658075758E-007
   53.600000000000001        3.1186291336013471E-007
   53.700000000000003        3.0685260701042068E-007
   53.800000000000004        3.0036073061622814E-007
   53.900000000000006        2.9245221592590256E-007
   54.000000000000000        2.8320616390417428E-007
   54.100000000000001        2.7271505356428178E-007
   54.200000000000003        2.6108381699289634E-007
   54.300000000000004        2.4842878981935986E-007
   54.400000000000006        2.3487654762674018E-007
   54.500000000000000        2.2056263994279241E-007
   54.600000000000001        2.0563023447361397E-007
   54.700000000000003        1.9022868514019216E-007
   54.800000000000004        1.7451203824049616E-007
   54.900000000000006        1.5863749167840375E-007
   55.000000000000000        1.4276382267020167E-007
   55.100000000000001        1.2704979965490780E-007
   55.200000000000003        1.1165259429228305E-007
   55.300000000000004        9.6726209431912641E-008
   55.400000000000006        8.2419938776659736E-008
   55.500000000000000        6.8876873647044622E-008
   55.600000000000001        5.6232471781851603E-008
   55.700000000000003        4.4613202489792966E-008
   55.800000000000004        3.4135281703514922E-008
   55.900000000000006        2.4903509587738336E-008
   56.000000000000000        1.7010222328103840E-008
   56.100000000000001        1.0534368584566903E-008
   56.200000000000003        5.5407198469290959E-009
   56.300000000000004        2.0792225903490222E-009
   56.400000000000006        1.8449871074468773E-010
   56.500000000000000       -1.2450076345937169E-010
   56.600000000000001        1.1553147805143252E-009
   56.700000000000003        4.0111446274583912E-009
   56.800000000000004        8.4144247669706532E-009
   56.900000000000006        1.4321113590643902E-008
   57.000000000000000        2.1672132396292914E-008
   57.100000000000001        3.0393956293054805E-008
   57.200000000000003        4.0399349597475917E-008
   57.300000000000004        5.1588238364702974E-008
   57.400000000000006        6.3848711328176790E-008
   57.500000000000000        7.7058139236095057E-008
   57.600000000000001        9.1084401389176430E-008
   57.700000000000003        1.0578720711199469E-007
   57.800000000000004        1.2101949894023446E-007
   57.900000000000006        1.3662892348948857E-007
   58.000000000000000        1.5245935529386786E-007
   58.100000000000001        1.6835245837287411E-007
   58.200000000000003        1.8414926990793953E-007
   58.300000000000004        1.9969179018849095E-007
   58.400000000000006        2.1482456292512980E-007
   58.500000000000000        2.2939623012343725E-007
   58.600000000000001        2.4326104596664777E-007
   58.700000000000003        2.5628033456528613E-007
   58.800000000000004        2.6832387699351982E-007
   58.900000000000006        2.7927121373873835E-007
   59.000000000000000        2.8901284953775928E-007
   59.100000000000001        2.9745134854831865E-007
   59.200000000000003        3.0450230890248027E-007
   59.300000000000004        3.1009520689407809E-007
   59.400000000000006        3.1417410235684139E-007
   59.500000000000000        3.1669819817794532E-007
   59.600000000000001        3.1764224835072133E-007
   59.700000000000003        3.1699681048526096E-007
   59.800000000000004        3.1476834025115529E-007
   59.900000000000006        3.1097912680790606E-007
   60.000000000000000        3.0566706986875190E-007
   60.100000000000001        2.9888530062773130E-007
   60.200000000000003        2.9070165034147168E-007
   60.300000000000004        2.8119797188095461E-007
   60.400000000000006        2.7046932103909648E-007
   60.500000000000000        2.5862300578267969E-007
   60.600000000000001        2.4577751295808468E-007
   60.700000000000003        2.3206132318583658E-007
   60.800000000000004        2.1761162579740838E-007
   60.900000000000006        2.0257294666751698E-007
   61.000000000000000        1.8709570266632006E-007
   61.100000000000001        1.7133469718988602E-007
   61.200000000000003        1.5544757181654128E-007
   61.300000000000004        1.3959322957587643E-007
   61.400000000000006        1.2393024560056276E-007
   61.500000000000000        1.0861528105788002E-007
   61.600000000000001        9.3801516224723876E-008
   61.700000000000003        7.9637118378442150E-008
   61.800000000000004        6.6263759827693798E-008
   61.900000000000006        5.3815200906053488E-008
   62.000000000000000        4.2415952101091224E-008
   62.100000000000001        3.2180028700500751E-008
   62.200000000000003        2.3209810411166667E-008
   62.300000000000004        1.5595017357291326E-008
   62.400000000000006        9.4118126997898862E-009
   62.500000000000000        4.7220408522384085E-009
   62.600000000000001        1.5726089131505700E-009
   62.700000000000003       -4.9824989229861181E-012
   62.800000000000004        5.0456854829293496E-012
   62.900000000000006        1.6025931644694897E-009
   63.000000000000000        4.7716812679974845E-009
   63.100000000000001        9.4806127765295372E-009
   63.200000000000003        1.5682288956648447E-008
   63.300000000000004        2.3314680642589572E-008
   63.400000000000006        3.2301448651927083E-008
   63.500000000000000        4.2552707330148892E-008
   63.600000000000001        5.3965923586926434E-008
   63.700000000000003        6.6426942432124940E-008
   63.800000000000004        7.9811128753996900E-008
   63.900000000000006        9.3984613919608136E-008
   64.000000000000000        1.0880563472893751E-007
   64.100000000000009        1.2412595133035221E-007
   64.200000000000003        1.3979232991567214E-007
   64.299999999999997        1.5564807536472611E-007
   64.400000000000006        1.7153459850994100E-007
   64.500000000000000        1.8729300234523802E-007
   64.600000000000009        2.0276567131387518E-007
   64.700000000000003        2.1779784777927492E-007
   64.799999999999997        2.3223917991093497E-007
   64.900000000000006        2.4594522550343879E-007
   65.000000000000000        2.5877889668737905E-007
   65.100000000000009        2.7061183108230289E-007
   65.200000000000003        2.8132567567721150E-007
   65.299999999999997        2.9081327059739275E-007
   65.400000000000006        2.9897972091749511E-007
   65.500000000000000        3.0574334580061649E-007
   65.600000000000009        3.1103649546999910E-007
   65.700000000000003        3.1480622784210382E-007
   65.799999999999997        3.1701483805337941E-007
   65.900000000000006        3.1764023558427246E-007
   66.000000000000000        3.1667616520861517E-007
   66.100000000000009        3.1413226955840562E-007
   66.200000000000003        3.1003399267817868E-007
   66.299999999999997        3.0442232553371338E-007
   66.400000000000006        2.9735339602034418E-007
   66.500000000000000        2.8889790757176929E-007
   66.600000000000009        2.7914043198429646E-007
   66.700000000000003        2.6817856352972994E-007
   66.799999999999997        2.5612194281745196E-007
   66.900000000000006        2.4309116016903216E-007
   67.000000000000000        2.2921654947381492E-007
   67.100000000000009        2.1463688458937492E-007
   67.200000000000003        1.9949799132532481E-007
   67.299999999999997        1.8395128889361390E-007
   67.400000000000006        1.6815227541353207E-007
   67.500000000000000        1.5225897261947081E-007
   67.600000000000009        1.3643034532756727E-007
   67.700000000000003        1.2082471146958001E-007
   67.799999999999997        1.0559815859692676E-007
   67.900000000000006        9.0902982692951848E-008
   68.000000000000000        7.6886164908517855E-008
   68.100000000000009        6.3687901456507142E-008
   68.200000000000003        5.1440201369291215E-008
   68.299999999999997        4.0265566144348621E-008
   68.400000000000006        3.0275764484340980E-008
   68.500000000000000        2.1570714386462842E-008
   68.600000000000009        1.4237483762653757E-008
   68.700000000000003        8.3494195863691874E-009
   68.799999999999997        3.9654142760524603E-009
   68.900000000000006        1.1293166532954402E-009
   69.000000000000000       -1.3050663322015031E-010
   69.100000000000009        1.9854516914715703E-010
   69.200000000000003        2.1131808842450418E-009
   69.299999999999997        5.5942503254458978E-009
   69.400000000000006        1.0606935835872520E-008
   69.500000000000000        1.7101100534529718E-008
   69.600000000000009        2.5011789785450689E-008
   69.700000000000003        3.4259880873965298E-008
   69.799999999999997        4.4752874392081761E-008
   69.900000000000006        5.6385819417586242E-008
   70.000000000000000        6.9042363233160348E-008
   70.100000000000009        8.2595915086300709E-008
   70.200000000000003        9.6910912350012925E-008
   70.299999999999997        1.1184417642023656E-007
   70.400000000000006        1.2724634478824357E-007
   70.500000000000000        1.4296336496448701E-007
   70.600000000000009        1.5883803531158465E-007
   70.700000000000003        1.7471157737513513E-007
   70.799999999999997        1.9042522398583870E-007
   70.900000000000006        2.0582180724872873E-007
   71.000000000000000        2.2074733053645428E-007
   71.100000000000009        2.3505250876360875E-007
   71.200000000000003        2.4859426153612810E-007
   71.299999999999997        2.6123714424143932E-007
   71.400000000000006        2.7285470276543876E-007
   71.500000000000000        2.8333073828663104E-007
   71.600000000000009        2.9256046949666007E-007
   71.700000000000003        3.0045158062306911E-007
   71.799999999999997        3.0692514477155455E-007
   71.900000000000006        3.1191641335288283E-007
   72.000000000000000        3.1537546369818704E-007
   72.100000000000009        3.1726769838556870E-007
   72.200000000000003        3.1757419128350157E-007
   72.299999999999997        3.1629187684997994E-007
   72.400000000000006        3.1343358079411153E-007
   72.500000000000000        3.0902789179332294E-007
   72.600000000000009        3.0311887554943578E-007
   72.700000000000003        2.9576563404352394E-007
   72.799999999999997        2.8704171439785654E-007
   72.900000000000006        2.7703437325760328E-007
   73.000000000000000        2.6584370404984868E-007
   73.100000000000009        2.5358163584914304E-007
   73.200000000000003        2.4037081386283298E-007
   73.299999999999997        2.2634337273376058E-007
   73.400000000000006        2.1163961492949609E-007
   73.500000000000000        1.9640660743707064E-007
   73.600000000000009        1.8079671079894014E-007
   73.700000000000003        1.6496605520285437E-007
   73.799999999999997        1.4907297886764737E-007
   73.900000000000006        1.3327644434444754E-007
   74.000000000000000        1.1773444857310454E-007
   74.100000000000009        1.0260244259688471E-007
   74.200000000000003        8.8031776741079659E-008
   74.299999999999997        7.4168186807028421E-008
   74.400000000000006        6.1150336422643702E-008
   74.500000000000000        4.9108430128775614E-008
   74.600000000000009        3.8162911073381181E-008
   74.700000000000003        2.8423256339132072E-008
   74.799999999999997        1.9986881953674154E-008
   74.900000000000006        1.2938168534428206E-008
   75.000000000000000        7.3476173137477545E-009
   75.100000000000009        3.2711449854859117E-009
   75.200000000000003        7.4952442627967765E-010
   75.299999999999997       -1.9202311478929295E-010
   75.400000000000006        4.5591972088415000E-010
   75.500000000000000        2.6868722089843247E-009
   75.600000000000009        6.4785203625170325E-009
   75.700000000000003        1.1792940116258401E-008
   75.799999999999997        1.8576976643308349E-008
   75.900000000000006        2.6762776009637019E-008
   76.000000000000000        3.6268463849172827E-008
   76.100000000000009        4.6998964271184584E-008
   76.200000000000003        5.8846950809390129E-008
   76.299999999999997        7.1693919901232578E-008
   76.400000000000006        8.5411376160587293E-008
   76.500000000000000        9.9862117588573045E-008
   76.600000000000009        1.1490160786796501E-007
   76.700000000000003        1.3037942201551119E-007
   76.800000000000011        1.4614075093254826E-007
   76.900000000000006        1.6202794980566539E-007
   77.000000000000000        1.7788211487014622E-007
   77.100000000000009        1.9354467276544197E-007
   77.200000000000003        2.0885896658591052E-007
   77.300000000000011        2.2367182276322286E-007
   77.400000000000006        2.3783508310842659E-007
   77.500000000000000        2.5120708669012550E-007
   77.600000000000009        2.6365408672714052E-007
   77.700000000000003        2.7505158832388582E-007
   77.800000000000011        2.8528559366822671E-007
   77.900000000000006        2.9425374223770333E-007
   78.000000000000000        3.0186633460941869E-007
   78.100000000000009        3.0804722963371031E-007
   78.200000000000003        3.1273460599793012E-007
   78.300000000000011        3.1588158056321323E-007
   78.400000000000006        3.1745667728963979E-007
   78.500000000000000        3.1744414205959221E-007
   78.600000000000009        3.1584410025045599E-007
   78.700000000000003        3.1267255548055372E-007
   78.800000000000011        3.0796122954099367E-007
   78.900000000000006        3.0175724511429670E-007
   79.000000000000000        2.9412265445332005E-007
   79.100000000000009        2.8513381873461123E-007
   79.200000000000003        2.7488064429394139E-007
   79.300000000000011        2.6346568338307046E-007
   79.400000000000006        2.5100310844219303E-007
   79.500000000000000        2.3761757014709659E-007
   79.600000000000009        2.2344295065315960E-007
   79.700000000000003        2.0862102450597045E-007
   79.800000000000011        1.9330004061234201E-007
   79.900000000000006        1.7763323945469515E-007
   80.000000000000000        1.6177732037979335E-007
   80.100000000000009        1.4589087429179505E-007
   80.200000000000003        1.3013279742608327E-007
   80.300000000000011        1.1466070206901693E-007
   80.400000000000006        9.9629340119926830E-008
   80.500000000000000        8.5189055262511336E-008
   80.600000000000009        7.1484279227369040E-008
   80.700000000000003        5.8652087185782224E-008
   80.800000000000011        4.6820826723818211E-008
   80.900000000000006        3.6108834109813543E-008
   81.000000000000000        2.6623250694950934E-008
   81.100000000000009        1.8458951285507087E-008
   81.200000000000003        1.1697595204983432E-008
   81.300000000000011        6.4068095375817562E-009
   81.400000000000006        2.6395127220714528E-009
   81.500000000000000        4.3338526157538271E-010
   81.600000000000009       -1.8950715682193183E-010
   81.700000000000003        7.7706563690537309E-010
   81.800000000000011        3.3234359815848513E-009
   81.900000000000006        7.4241350807724539E-009
   82.000000000000000        1.3038147741666646E-008
   82.100000000000009        2.0109322609077055E-008
   82.200000000000003        2.8566933791258622E-008
   82.300000000000011        3.8326388260330666E-008
   82.400000000000006        4.9290071951718252E-008
   82.500000000000000        6.1348326100051630E-008
   82.600000000000009        7.4380544046113291E-008
   82.700000000000003        8.8256377544721923E-008
   82.800000000000011        1.0283704050783188E-007
   82.900000000000006        1.1797669714301398E-007
   83.000000000000000        1.3352392060311321E-007
   83.100000000000009        1.4932320755750888E-007
   83.200000000000003        1.6521653353650820E-007
   83.300000000000011        1.8104493349207981E-007
   83.400000000000006        1.9665009176629370E-007
   83.500000000000000        2.1187592556452171E-007
   83.600000000000009        2.2657014609558417E-007
   83.700000000000003        2.4058578176428297E-007
   83.800000000000011        2.5378264818123430E-007
   83.900000000000006        2.6602875028722752E-007
   84.000000000000000        2.7720160256777318E-007
   84.100000000000009        2.8718945415323509E-007
   84.200000000000003        2.9589240655107231E-007
   84.300000000000011        3.0322341283052578E-007
   84.400000000000006        3.0910914826604857E-007
   84.500000000000000        3.1349074373123415E-007
   84.600000000000009        3.1632437450778911E-007
   84.700000000000003        3.1758169862042515E-007
   84.800000000000011        3.1725014031320900E-007
   84.900000000000006        3.1533301583240430E-007
   85.000000000000000        3.1184950025723429E-007
   85.100000000000009        3.0683443571081739E-007
   85.200000000000003        3.0033798286927697E-007
   85.300000000000011        2.9242511925457242E-007
   85.400000000000006        2.8317498932936607E-007
   85.500000000000000        2.7268011289409041E-007
   85.600000000000009        2.6104545970391055E-007
   85.700000000000003        2.4838739956120481E-007
   85.800000000000011        2.3483253838476714E-007
   85.900000000000006        2.2051645189745212E-007
   86.000000000000000        2.0558232959772658E-007
   86.100000000000009        1.9017954257834494E-007
   86.200000000000003        1.7446214951659550E-007
   86.300000000000011        1.5858735577946175E-007
   86.400000000000006        1.4271394105549467E-007
   86.500000000000000        1.2700067124035027E-007
   86.600000000000009        1.1160471046027394E-007
   86.700000000000003        9.6680049116550749E-008
   86.800000000000011        8.2375963673419298E-008
   86.900000000000006        6.8835523594919465E-008
   87.000000000000000        5.6194160364067749E-008
   87.100000000000009        4.4578312897159991E-008
   87.200000000000003        3.4104162901718742E-008
   87.300000000000011        2.4876472827056822E-008
   87.400000000000006        1.6987538030215179E-008
   87.500000000000000        1.0516263637826947E-008
   87.600000000000009        5.5273753370118153E-009
   87.700000000000003        2.0707719890396907E-009
   87.800000000000011        1.8102654096380070E-010
   87.900000000000006       -1.2295977306814831E-010
   88.000000000000000        1.1618535180831661E-009
   88.100000000000009        4.0226157117593458E-009
   88.200000000000003        8.4307134642131732E-009
   88.300000000000011        1.4342056981282867E-008
   88.400000000000006        2.1697521004522782E-008
   88.500000000000000        3.0423536182027598E-008
   88.600000000000009        4.0432824909122738E-008
   88.700000000000003        5.1625274278962614E-008
   88.800000000000011        6.3888937411829888E-008
   88.900000000000006        7.7101153147842556E-008
   89.000000000000000        9.1129772903884465E-008
   89.100000000000009        1.0583448242376491E-007
   89.200000000000003        1.2106820520137198E-007
   89.300000000000011        1.3667857353998355E-007
   89.400000000000006        1.5250945253391018E-007
   89.500000000000000        1.6840250172986602E-007
   89.600000000000009        1.8419875884820293E-007
   89.700000000000003        1.9974022972365413E-007
   89.800000000000011        2.1487146856295779E-007
   89.900000000000006        2.2944113271373325E-007
   90.000000000000000        2.4330349639369196E-007
   90.100000000000009        2.5631990823992292E-007
   90.200000000000003        2.6836017809982136E-007
   90.300000000000011        2.7930387919306640E-007
   90.400000000000006        2.8904155262021448E-007
   90.500000000000000        2.9747580217068059E-007
   90.600000000000009        3.0452226847960710E-007
   90.700000000000003        3.1011047279028627E-007
   90.800000000000011        3.1418452188262867E-007
   90.900000000000006        3.1670366711720970E-007
   91.000000000000000        3.1764271200313653E-007
   91.100000000000009        3.1699226421337669E-007
   91.200000000000003        3.1475882952678470E-007
   91.300000000000011        3.1096474675731372E-007
   91.400000000000006        3.0564796432120677E-007
   91.500000000000000        2.9886166067692025E-007
   91.600000000000009        2.9067371243418439E-007
   91.700000000000003        2.8116601545215034E-007
   91.800000000000011        2.7043366571696259E-007
   91.900000000000006        2.5858400819175885E-007
   92.000000000000000        2.4573556315229200E-007
   92.100000000000009        2.3201684074713050E-007
   92.200000000000003        2.1756505563914569E-007
   92.300000000000011        2.0252475458442958E-007
   92.400000000000006        1.8704637067561827E-007
   92.500000000000000        1.7128471871014249E-007
   92.600000000000009        1.5539744673252984E-007
   92.700000000000003        1.3954345923868879E-007
   92.800000000000011        1.2388132781310670E-007
   92.900000000000006        1.0856770509587764E-007
   93.000000000000000        9.3755757942951740E-008
   93.100000000000009        7.9593635451231290E-008
   93.200000000000003        6.6222987171302437E-008
   93.300000000000011        5.3777546328584000E-008
   93.400000000000006        4.2381792223631510E-008
   93.500000000000000        3.2149705190156086E-008
   93.600000000000009        2.3183626563679830E-008
   93.700000000000003        1.5573235063520128E-008
   93.800000000000011        9.3946498262276109E-009
   93.900000000000006        4.7096690619571952E-009
   94.000000000000000        1.5651519487870611E-009
   94.100000000000009       -7.4500528061506975E-012
   94.200000000000003        7.5922225559925762E-012
   94.300000000000011        1.6101283220334433E-009
   94.400000000000006        4.7841296794073138E-009
   94.500000000000000        9.4978499327719895E-009
   94.600000000000009        1.5704142451687134E-008
   94.700000000000003        2.3340931897759399E-008
   94.800000000000011        3.2331835102176246E-008
   94.900000000000006        4.2586925050206113E-008
   95.000000000000000        5.4003630331141369E-008
   95.100000000000009        6.6467761057631874E-008
   95.200000000000003        7.9854650992916264E-008
   95.300000000000011        9.4030404462503281E-008
   95.400000000000006        1.0885323557878278E-007
   95.500000000000000        1.2417488638344014E-007
   95.600000000000009        1.3984210972360356E-007
   95.700000000000003        1.5569820202985001E-007
   95.800000000000011        1.7158457066535045E-007
   95.900000000000006        1.8734232016943000E-007
   96.000000000000000        2.0281384152996012E-007
   96.100000000000009        2.1784438858876864E-007
   96.200000000000003        2.3228362581264379E-007
   96.300000000000011        2.4598713194944412E-007
   96.400000000000006        2.5881784452941052E-007
   96.500000000000000        2.7064743076403791E-007
   96.600000000000009        2.8135757113063313E-007
   96.700000000000003        2.9084114280416613E-007
   96.800000000000011        2.9900329109981086E-007
   96.900000000000006        3.0576237820950995E-007
   97.000000000000000        3.1105079974331038E-007
   97.100000000000009        3.1481566090848624E-007
   97.200000000000003        3.1701930556331326E-007
   97.300000000000011        3.1763969285371807E-007
   97.400000000000006        3.1667061766596537E-007
   97.500000000000000        3.1412177269017524E-007
   97.600000000000009        3.1001865147405194E-007
   97.700000000000003        3.0440229343641261E-007
   97.800000000000011        2.9732887339090519E-007
   97.900000000000006        2.8886913968554280E-007
   98.000000000000000        2.7910770657767881E-007
   98.100000000000009        2.6814220792225114E-007
   98.200000000000003        2.5608232063788241E-007
   98.300000000000011        2.4304866771842527E-007
   98.400000000000006        2.2917161176167299E-007
   98.500000000000000        2.1458995108267941E-007
   98.600000000000009        1.9944953145302943E-007
   98.700000000000003        1.8390178735136144E-007
   98.800000000000011        1.6810222731575944E-007
   98.900000000000006        1.5220887854724765E-007
   99.000000000000000        1.3638070632182607E-007
   99.100000000000009        1.2077602401964693E-007
   99.200000000000003        1.0555090967468210E-007
   99.300000000000011        9.0857644882121258E-008
   99.400000000000006        7.6843191677890619E-008
   99.500000000000000        6.3647722624341222E-008
   99.600000000000009        5.1403218804264828E-008
   99.700000000000003        4.0232149746088309E-008
   99.800000000000011        3.0246248483660026E-008
   99.900000000000006        2.1545394002401655E-008
   100.00000000000000        1.4216612249700220E-008
