   0.0000000000000000        6.2517688033445674E-018
  0.10000000000000001        5.0010000498206154E-006
  0.20000000000000001        2.4954980247111592E-005
  0.30000000000000004        6.9664360979323367E-005
  0.40000000000000002        1.4868395911573718E-004
  0.50000000000000000        2.7122542072820747E-004
  0.60000000000000009        4.4606508620591133E-004
  0.70000000000000007        6.8145620929639661E-004
  0.80000000000000004        9.8504640806325750E-004
  0.90000000000000002        1.3638011734083385E-003
   1.0000000000000000        1.8239342002309416E-003
   1.1000000000000001        2.3708452380497074E-003
   1.2000000000000002        3.0090660827112622E-003
   1.3000000000000000        3.7422152493621469E-003
   1.4000000000000001        4.5729617800648222E-003
   1.5000000000000000        5.5029985480360040E-003
   1.6000000000000001        6.5330253255291952E-003
   1.7000000000000002        7.6627417847133887E-003
   1.8000000000000000        8.8908505015504666E-003
   1.9000000000000001        1.0215069932632121E-002
   2.0000000000000000        1.1632157235175616E-002
   2.1000000000000001        1.3137940701940496E-002
   2.2000000000000002        1.4727361486640082E-002
   2.3000000000000003        1.6394524202527901E-002
   2.4000000000000004        1.8132755888052660E-002
   2.5000000000000000        1.9934672749821275E-002
   2.6000000000000001        2.1792254015303207E-002
   2.7000000000000002        2.3696922156594757E-002
   2.8000000000000003        2.5639628682856627E-002
   2.9000000000000004        2.7610944643318074E-002
   3.0000000000000000        2.9601154935646287E-002
   3.1000000000000001        3.1600355476397828E-002
   3.2000000000000002        3.3598552261664971E-002
   3.3000000000000003        3.5585761327100264E-002
   3.4000000000000004        3.7552108607533809E-002
   3.5000000000000000        3.9487928697369737E-002
   3.6000000000000001        4.1383861523975399E-002
   3.7000000000000002        4.3230945967130049E-002
   3.8000000000000003        4.5020709488148000E-002
   3.9000000000000004        4.6745252872214073E-002
   4.0000000000000000        4.8397329236327426E-002
   4.1000000000000005        4.9970416512629380E-002
   4.2000000000000002        5.1458782682124705E-002
   4.2999999999999998        5.2857543106338112E-002
   4.4000000000000004        5.4162709383465589E-002
   4.5000000000000000        5.5371229240373437E-002
   4.6000000000000005        5.6481017061432222E-002
   4.7000000000000002        5.7490974748844743E-002
   4.8000000000000007        5.8401002705820181E-002
   4.9000000000000004        5.9212000832740710E-002
   5.0000000000000000        5.9925859526362424E-002
   5.1000000000000005        6.0545440772058021E-002
   5.2000000000000002        6.1074549518247270E-002
   5.3000000000000007        6.1517895619297436E-002
   5.4000000000000004        6.1881046727561853E-002
   5.5000000000000000        6.2170372605718685E-002
   5.6000000000000005        6.2392981416406493E-002
   5.7000000000000002        6.2556648626377512E-002
   5.8000000000000007        6.2669739236282662E-002
   5.9000000000000004        6.2741124113928903E-002
   6.0000000000000000        6.2780091267863963E-002
   6.1000000000000005        6.2796252948709372E-002
   6.2000000000000002        6.2799449507432367E-002
   6.3000000000000007        6.2799650972152288E-002
   6.4000000000000004        6.2806857327918755E-002
   6.5000000000000000        6.2830998496860593E-002
   6.6000000000000005        6.2881835019103424E-002
   6.7000000000000002        6.2968860427847412E-002
   6.8000000000000007        6.3101206295044690E-002
   6.9000000000000004        6.3287550897419345E-002
   7.0000000000000000        6.3536032416339067E-002
   7.1000000000000005        6.3854167539726947E-002
   7.2000000000000002        6.4248776280147357E-002
   7.3000000000000007        6.4725913761038645E-002
   7.4000000000000004        6.5290809653369156E-002
   7.5000000000000000        6.5947815868467624E-002
   7.6000000000000005        6.6700363030205129E-002
   7.7000000000000002        6.7550926161894384E-002
   7.8000000000000007        6.8500999931107351E-002
   7.9000000000000004        6.9551083700009245E-002
   8.0000000000000000        7.0700676530738388E-002
   8.0999999999999996        7.1948282195787541E-002
   8.2000000000000011        7.3291424143268946E-002
   8.3000000000000007        7.4726670267391312E-002
   8.4000000000000004        7.6249667236375246E-002
   8.5000000000000000        7.7855184034487102E-002
   8.5999999999999996        7.9537164282649342E-002
   8.7000000000000011        8.1288786814353864E-002
   8.8000000000000007        8.3102533900961353E-002
   8.9000000000000004        8.4970266444032591E-002
   9.0000000000000000        8.6883305382581766E-002
   9.0999999999999996        8.8832518501058125E-002
   9.2000000000000011        9.0808411769751796E-002
   9.3000000000000007        9.2801224304094362E-002
   9.4000000000000004        9.4801025993016763E-002
   9.5000000000000000        9.6797816819928162E-002
   9.6000000000000014        9.8781626882875465E-002
   9.7000000000000011       0.10074261611351304     
   9.8000000000000007       0.10267117269745861     
   9.9000000000000004       0.10455800921166647     
   10.000000000000000       0.10639425551723496     
   10.100000000000001       0.10817154747852867     
   10.200000000000001       0.10988211062127755     
   10.300000000000001       0.11151883789285151     
   10.400000000000000       0.11307536074702147     
   10.500000000000000       0.11454611284214010     
   10.600000000000001       0.11592638571570918     
   10.700000000000001       0.11721237587840498     
   10.800000000000001       0.11840122285659532     
   10.900000000000000       0.11949103780278368     
   11.000000000000000       0.12048092238786889     
   11.100000000000001       0.12137097778623326     
   11.200000000000001       0.12216230366379201     
   11.300000000000001       0.12285698717913969     
   11.400000000000000       0.12345808210778536     
   11.500000000000000       0.12396957829829343     
   11.600000000000001       0.12439636176581535     
   11.700000000000001       0.12474416582216571     
   11.800000000000001       0.12501951373123799     
   11.900000000000000       0.12522965346331960     
   12.000000000000000       0.12538248520088655     
   12.100000000000001       0.12548648232098750     
   12.200000000000001       0.12555060664451481     
   12.300000000000001       0.12558421880007803     
   12.400000000000000       0.12559698459899504     
   12.500000000000000       0.12559877835784233     
   12.600000000000001       0.12559958413554559     
   12.700000000000001       0.12560939587281503     
   12.800000000000001       0.12563811743275358     
   12.900000000000000       0.12569546354241615     
   13.000000000000000       0.12579086262610739     
   13.100000000000001       0.12593336250228318     
   13.200000000000001       0.12613153988726866     
   13.300000000000001       0.12639341461093781     
   13.400000000000000       0.12672636940237872     
   13.500000000000000       0.12713707604783511     
   13.600000000000001       0.12763142865949675     
   13.700000000000001       0.12821448472259339     
   13.800000000000001       0.12889041451042296     
   13.900000000000000       0.12966245937328080     
   14.000000000000000       0.13053289931847040     
   14.100000000000001       0.13150303020567330     
   14.200000000000001       0.13257315078575876     
   14.300000000000001       0.13374255971267832     
   14.400000000000000       0.13500956255832580     
   14.500000000000000       0.13637148876021563     
   14.600000000000001       0.13782471833243831     
   14.700000000000001       0.13936471807276726     
   14.800000000000001       0.14098608690374648     
   14.900000000000000       0.14268260989426426     
   15.000000000000000       0.14444732042130265     
   15.100000000000001       0.14627256985009274     
   15.200000000000001       0.14815010403576356     
   15.300000000000001       0.15007114588130527     
   15.400000000000000       0.15202648312608319     
   15.500000000000000       0.15400656048688310     
   15.600000000000001       0.15600157522984207     
   15.700000000000001       0.15800157521740132     
   15.800000000000001       0.15999655844958685     
   15.900000000000000       0.16197657310400923     
   16.000000000000000       0.16393181707399829     
   16.100000000000001       0.16585273600926964     
   16.199999999999999       0.16773011887854070     
   16.300000000000001       0.16955519009826645     
   16.400000000000002       0.17131969730602348     
   16.500000000000000       0.17301599390064290     
   16.600000000000001       0.17463711552351782     
   16.699999999999999       0.17617684971611197     
   16.800000000000001       0.17762979805697804     
   16.900000000000002       0.17899143015676572     
   17.000000000000000       0.18025812897117569     
   17.100000000000001       0.18142722697863939     
   17.199999999999999       0.18249703286087193     
   17.300000000000001       0.18346684841942790     
   17.400000000000002       0.18433697555909961     
   17.500000000000000       0.18510871326824149     
   17.600000000000001       0.18578434462631727     
   17.699999999999999       0.18636711396850944     
   17.800000000000001       0.18686119443590302     
   17.900000000000002       0.18727164623571277     
   18.000000000000000       0.18760436602909500     
   18.100000000000001       0.18786602795274418     
   18.199999999999999       0.18806401686417343     
   18.300000000000001       0.18820635447837070     
   18.400000000000002       0.18830161913460502     
   18.500000000000000       0.18835885999587379     
   18.600000000000001       0.18838750653917963     
   18.699999999999999       0.18839727424189012     
   18.800000000000001       0.18839806740754489     
   18.900000000000002       0.18839988010299835     
   19.000000000000000       0.18841269619777348     
   19.100000000000001       0.18844638950538523     
   19.200000000000003       0.18851062502547064     
   19.300000000000001       0.18861476227444990     
   19.400000000000002       0.18876776167164949     
   19.500000000000000       0.18897809491718048     
   19.600000000000001       0.18925366025800358     
   19.700000000000003       0.18960170348965019     
   19.800000000000001       0.19002874548378343     
   19.900000000000002       0.19054051696643531     
   20.000000000000000       0.19114190119928348     
   20.100000000000001       0.19183688513727379     
   20.200000000000003       0.19262851955108681     
   20.300000000000001       0.19351888851333754     
   20.400000000000002       0.19450908855367507     
   20.500000000000000       0.19559921769129798     
   20.600000000000001       0.19678837445456362     
   20.700000000000003       0.19807466689750342     
   20.800000000000001       0.19945523152308081     
   20.900000000000002       0.20092626192386462     
   21.000000000000000       0.20248304685374668     
   21.100000000000001       0.20412001734979723     
   21.200000000000003       0.20583080243305418     
   21.300000000000001       0.20760829283104210     
   21.400000000000002       0.20944471208472357     
   21.500000000000000       0.21133169432863849     
   21.600000000000001       0.21326036796629688     
   21.700000000000003       0.21522144440387672     
   21.800000000000001       0.21720531095476070     
   21.900000000000002       0.21920212698560146     
   22.000000000000000       0.22120192234236580     
   22.100000000000001       0.22319469707178749     
   22.200000000000003       0.22517052144093230     
   22.300000000000001       0.22711963525435216     
   22.400000000000002       0.22903254547560187     
   22.500000000000000       0.23090012117654629     
   22.600000000000001       0.23271368486494740     
   22.700000000000003       0.23446509927670287     
   22.800000000000001       0.23614684876480183     
   22.900000000000002       0.23775211447078565     
   23.000000000000000       0.23927484252701200     
   23.100000000000001       0.24070980460740068     
   23.200000000000003       0.24205265022118952     
   23.300000000000001       0.24329995022650852     
   23.400000000000002       0.24444923112868244     
   23.500000000000000       0.24549899982011245     
   23.600000000000001       0.24644875851434148     
   23.700000000000003       0.24729900972491661     
   23.800000000000001       0.24805125123924099     
   23.900000000000002       0.24870796113771784     
   24.000000000000000       0.24927257300797226     
   24.100000000000001       0.24974944160212403     
   24.200000000000003       0.25014379928054842     
   24.300000000000001       0.25046170367780152     
   24.400000000000002       0.25070997711417509     
   24.500000000000000       0.25089613835883051     
   24.600000000000001       0.25102832742708120     
   24.700000000000003       0.25111522416395526     
   24.800000000000001       0.25116596142837799     
   24.900000000000002       0.25119003374632842     
   25.000000000000000       0.25119720234657916     
   25.100000000000001       0.25119739752888809     
   25.200000000000003       0.25120061934114690     
   25.300000000000001       0.25121683755888086     
   25.400000000000002       0.25125589196758319     
   25.500000000000000       0.25132739394514680     
   25.600000000000001       0.25144063032889324     
   25.700000000000003       0.25160447052858992     
   25.800000000000001       0.25182727781465408     
   25.900000000000002       0.25211682566867982     
   26.000000000000000       0.25248022003310860     
   26.100000000000001       0.25292382823756493     
   26.200000000000003       0.25345321531285114     
   26.300000000000001       0.25407308832947878     
   26.400000000000002       0.25478724931758057     
   26.500000000000000       0.25559855723897740     
   26.600000000000001       0.25650889939186161     
   26.700000000000003       0.25751917253402618     
   26.800000000000001       0.25862927391350365     
   26.900000000000002       0.25983810229628623     
   27.000000000000000       0.26114356898086721     
   27.100000000000001       0.26254261868943729     
   27.200000000000003       0.26403126012677081     
   27.300000000000001       0.26560460590116347     
   27.400000000000002       0.26725692140812152     
   27.500000000000000       0.26898168218788104     
   27.600000000000001       0.27077163918304875     
   27.700000000000003       0.27261889124368005     
   27.800000000000001       0.27451496415458126     
   27.900000000000002       0.27645089539440493     
   28.000000000000000       0.27841732377880068     
   28.100000000000001       0.28040458309096838     
   28.200000000000003       0.28240279876316876     
   28.300000000000001       0.28440198664215255     
   28.400000000000002       0.28639215285064845     
   28.500000000000000       0.28836339374614461     
   28.600000000000001       0.29030599497710474     
   28.700000000000003       0.29221052864592340     
   28.800000000000001       0.29406794760675437     
   28.900000000000002       0.29586967595506514     
   29.000000000000000       0.29760769480383786     
   29.100000000000001       0.29927462248847125     
   29.200000000000003       0.30086378839819872     
   29.300000000000001       0.30236929969552534     
   29.400000000000002       0.30378610025641878     
   29.500000000000000       0.30511002124161135     
   29.600000000000001       0.30633782279339045     
   29.700000000000003       0.30746722644060231     
   29.800000000000001       0.30849693788796134     
   29.900000000000002       0.30942665996156221     
   30.000000000000000       0.31025709558123743     
   30.100000000000001       0.31098994072993175     
   30.200000000000003       0.31162786749049709     
   30.300000000000001       0.31217449731950886     
   30.400000000000002       0.31263436482546597     
   30.500000000000000       0.31301287241362158     
   30.600000000000001       0.31331623625114913     
   30.700000000000003       0.31355142409300668     
   30.800000000000001       0.31372608559048520     
   30.900000000000002       0.31384847577936020     
   31.000000000000000       0.31392737251306152     
   31.100000000000001       0.31397198866653686     
   31.200000000000003       0.31399187998912881     
   31.300000000000001       0.31399684952791518     
   31.400000000000002       0.31399684957767865     
   31.500000000000000       0.31400188213801100     
   31.600000000000001       0.31402189887335491     
   31.700000000000003       0.31406670157641003     
   31.800000000000001       0.31414584413064606     
   31.900000000000002       0.31426853695231688     
   32.000000000000000       0.31444355486792031     
   32.100000000000001       0.31467914934833519     
   32.200000000000003       0.31498296597765257     
   32.300000000000004       0.31536196798201288     
   32.399999999999999       0.31582236658343016     
   32.500000000000000       0.31636955887514895     
   32.600000000000001       0.31700807383991131     
   32.700000000000003       0.31774152705107556     
   32.800000000000004       0.31857258450964965     
   32.899999999999999       0.31950293597895385     
   33.000000000000000       0.32053327808359278     
   33.100000000000001       0.32166330734184029     
   33.200000000000003       0.32289172320103449     
   33.300000000000004       0.32421624104573665     
   33.399999999999999       0.32563361504842342     
   33.500000000000000       0.32713967063428767     
   33.600000000000001       0.32872934623529765     
   33.700000000000003       0.33039674391604518     
   33.800000000000004       0.33213518836485012     
   33.899999999999999       0.33393729366026914     
   34.000000000000000       0.33579503714505249     
   34.100000000000001       0.33769983966878458     
   34.200000000000003       0.33964265139652466     
   34.300000000000004       0.34161404232528764     
   34.399999999999999       0.34360429660289710     
   34.500000000000000       0.34560350970597842     
   34.600000000000001       0.34760168750496617     
   34.700000000000003       0.34958884622542213     
   34.800000000000004       0.35155511230572029     
   34.899999999999999       0.35349082115243219     
   35.000000000000000       0.35538661380557907     
   35.100000000000001       0.35723353054695234     
   35.200000000000003       0.35902310051522324     
   35.300000000000004       0.36074742643148688     
   35.399999999999999       0.36239926358785984     
   35.500000000000000       0.36397209230903332     
   35.600000000000001       0.36546018316209167     
   35.700000000000003       0.36685865426225861     
   35.800000000000004       0.36816352010156461     
   35.899999999999999       0.36937173141184543     
   36.000000000000000       0.37048120566356063     
   36.100000000000001       0.37149084789522646     
   36.200000000000003       0.37240056166525021     
   36.300000000000004       0.37321125001650152     
   36.399999999999999       0.37392480644412335     
   36.500000000000000       0.37454409595674382     
   36.600000000000001       0.37507292642070372     
   36.700000000000003       0.37551601047374489     
   36.800000000000004       0.37587891838922638     
   36.899999999999999       0.37616802236224040     
   37.000000000000000       0.37639043277492290     
   37.100000000000001       0.37655392707839702     
   37.200000000000003       0.37666687200273391     
   37.300000000000004       0.37673813987287580     
   37.399999999999999       0.37677701986769058     
   37.500000000000000       0.37679312510955570     
   37.600000000000001       0.37679629651395452     
   37.700000000000003       0.37679650436058004     
   37.800000000000004       0.37680374857067334     
   37.899999999999999       0.37682795868772034     
   38.000000000000000       0.37687889456224971     
   38.100000000000001       0.37696604873372175     
   38.200000000000003       0.37709855148622140     
   38.300000000000004       0.37728507952728785     
   38.400000000000006       0.37753376920354992     
   38.500000000000000       0.37785213512092947     
   38.600000000000001       0.37824699498359809     
   38.700000000000003       0.37872440140326369     
   38.800000000000004       0.37928958136097290     
   38.900000000000006       0.37994688392682879     
   39.000000000000000       0.38069973676060687     
   39.100000000000001       0.38155061182828337     
   39.200000000000003       0.38250100067744858     
   39.300000000000004       0.38355139951883765     
   39.400000000000006       0.38470130426323612     
   39.500000000000000       0.38594921556336959     
   39.600000000000001       0.38729265381039663     
   39.700000000000003       0.38872818393493147     
   39.800000000000004       0.39025144976462678     
   39.900000000000006       0.39185721759460168     
   40.000000000000000       0.39353942853495866     
   40.100000000000001       0.39529125911180557     
   40.200000000000003       0.39710518951563584     
   40.300000000000004       0.39897307881447336     
   40.400000000000006       0.40088624637945752     
   40.500000000000000       0.40283555870851800     
   40.600000000000001       0.40481152077964161     
   40.700000000000003       0.40680437102009581     
   40.800000000000004       0.40880417894167692     
   40.900000000000006       0.41080094446545290     
   41.000000000000000       0.41278469794255462     
   41.100000000000001       0.41474559987060922     
   41.200000000000003       0.41667403930842978     
   41.300000000000004       0.41856073000467370     
   41.400000000000006       0.42039680327889983     
   41.500000000000000       0.42217389672614614     
   41.600000000000001       0.42388423785766549     
   41.700000000000003       0.42552072184139889     
   41.800000000000004       0.42707698256446697     
   41.900000000000006       0.42854745630707308     
   42.000000000000000       0.42992743739078693     
   42.100000000000001       0.43121312524477845     
   42.200000000000003       0.43240166241909656     
   42.300000000000004       0.43349116316491237     
   42.400000000000006       0.43448073229575312     
   42.500000000000000       0.43537047414117092     
   42.600000000000001       0.43616149150324646     
   42.700000000000003       0.43685587462633435     
   42.800000000000004       0.43745668029048135     
   42.900000000000006       0.43796790123745821     
   43.000000000000000       0.43839442623541930     
   43.100000000000001       0.43874199118137969     
   43.200000000000003       0.43901712173082419     
   43.300000000000004       0.43922706802805872     
   43.400000000000006       0.43937973219031190     
   43.500000000000000       0.43948358927069958     
   43.600000000000001       0.43954760249081387     
   43.700000000000003       0.43958113359050133     
   43.800000000000004       0.43959384919181715     
   43.900000000000006       0.43959562411339609     
   44.000000000000000       0.43959644260259723     
   44.100000000000001       0.43960629847296134     
   44.200000000000003       0.43963509514620674     
   44.300000000000004       0.43969254659806783     
   44.400000000000006       0.43978808019925142     
   44.500000000000000       0.43993074242274055     
   44.600000000000001       0.44012910836108354     
   44.700000000000003       0.44039119595823045     
   44.800000000000004       0.44072438581411827     
   44.900000000000006       0.44113534736386589     
   45.000000000000000       0.44162997217012306     
   45.100000000000001       0.44221331499561467     
   45.200000000000003       0.44288954324545388     
   45.300000000000004       0.44366189528471028     
   45.400000000000006       0.44453264804831466     
   45.500000000000000       0.44550309426713636     
   45.600000000000001       0.44657352953809698     
   45.700000000000003       0.44774324936761034     
   45.800000000000004       0.44901055621792485     
   45.900000000000006       0.45037277648589702     
   46.000000000000000       0.45182628724436957     
   46.100000000000001       0.45336655247868951     
   46.200000000000003       0.45498816845593609     
   46.300000000000004       0.45668491777302989     
   46.400000000000006       0.45844983154324820     
   46.500000000000000       0.46027525909896594     
   46.600000000000001       0.46215294451371075     
   46.700000000000003       0.46407410917785091     
   46.800000000000004       0.46602953960234744     
   46.900000000000006       0.46800967957198014     
   47.000000000000000       0.47000472572669105     
   47.100000000000001       0.47200472561472495     
   47.200000000000003       0.47399967723711806     
   47.300000000000004       0.47597962908762625     
   47.400000000000006       0.47793477968776293     
   47.500000000000000       0.47985557562110642     
   47.600000000000001       0.48173280708666527     
   47.700000000000003       0.48355770001520776     
   47.800000000000004       0.48532200382760138     
   47.900000000000006       0.48701807395702595     
   48.000000000000000       0.48863894830998056     
   48.100000000000001       0.49017841690112457     
   48.200000000000003       0.49163108396555733     
   48.300000000000004       0.49299242192725062     
   48.400000000000006       0.49425881668387955     
   48.500000000000000       0.49542760375506151     
   48.600000000000001       0.49649709493249305     
   48.700000000000003       0.49746659516540820     
   48.800000000000004       0.49833640951248059     
   48.900000000000006       0.49910784009062914     
   49.000000000000000       0.49978317305123010     
   49.100000000000001       0.50036565571404301     
   49.200000000000003       0.50085946408751747     
   49.300000000000004       0.50126966110035343     
   49.400000000000006       0.50160214596208430     
   49.500000000000000       0.50186359515919832     
   49.600000000000001       0.50206139567688624     
   49.700000000000003       0.50220357111446334     
   49.800000000000004       0.50229870143328026     
   49.900000000000006       0.50235583713998155     
   50.000000000000000       0.50238440876332513     
   50.100000000000001       0.50239413253002840     
   50.200000000000003       0.50239491318307550     
   50.300000000000004       0.50239674491447917     
   50.400000000000006       0.50240961140335516     
   50.500000000000000       0.50244338595918780     
   50.600000000000001       0.50250773276895666     
   50.700000000000003       0.50261201023597579     
   50.800000000000004       0.50276517737709836     
   50.900000000000006       0.50297570421467153     
   51.000000000000000       0.50325148705934275     
   51.100000000000001       0.50359976953116770     
   51.200000000000003       0.50402707010893777     
   51.300000000000004       0.50453911693232045     
   51.400000000000006       0.50514079050904304     
   51.500000000000000       0.50583607490003279     
   51.600000000000001       0.50662801787083389     
   51.700000000000003       0.50751870040788261     
   51.800000000000004       0.50850921590444487     
   51.900000000000006       0.50959965922453609     
   52.000000000000000       0.51078912575404878     
   52.100000000000001       0.51207572044874361     
   52.200000000000003       0.51345657678845091     
   52.300000000000004       0.51492788544802692     
   52.400000000000006       0.51648493239820403     
   52.500000000000000       0.51812214605534213     
   52.600000000000001       0.51983315300836486     
   52.700000000000003       0.52161084176567518     
   52.800000000000004       0.52344743388422255     
   52.900000000000006       0.52533456176957583     
   53.000000000000000       0.52726335236851507     
   53.100000000000001       0.52922451591739983     
   53.200000000000003       0.53120843885829383     
   53.300000000000004       0.53320527999386991     
   53.400000000000006       0.53520506891896402     
   53.500000000000000       0.53719780574466969     
   53.600000000000001       0.53917356111714121     
   53.700000000000003       0.54112257553105803     
   53.800000000000004       0.54303535694414151     
   53.900000000000006       0.54490277571662660     
   54.000000000000000       0.54671615592584644     
   54.100000000000001       0.54846736214287761     
   54.200000000000003       0.55014888080305968     
   54.300000000000004       0.55175389535668029     
   54.400000000000006       0.55327635444812129     
   54.500000000000000       0.55471103244149733     
   54.600000000000001       0.55605358168746499     
   54.700000000000003       0.55730057600844474     
   54.800000000000004       0.55844954496720856     
   54.900000000000006       0.55949899857621299     
   55.000000000000000       0.56044844220046097     
   55.100000000000001       0.56129838150481803     
   55.200000000000003       0.56205031739639277     
   55.300000000000004       0.56270673101240787     
   55.400000000000006       0.56327105890391815     
   55.500000000000000       0.56374765866339704     
   55.600000000000001       0.56414176534009486     
   55.700000000000003       0.56445943907910123     
   55.800000000000004       0.56470750450773899     
   55.900000000000006       0.56489348247567306     
   56.000000000000000       0.56502551483134278     
   56.100000000000001       0.56511228298721772     
   56.200000000000003       0.56516292108829436     
   56.300000000000004       0.56518692465237985     
   56.400000000000006       0.56519405559592273     
   56.500000000000000       0.56519424459532575     
   56.600000000000001       0.56519749176031786     
   56.700000000000003       0.56521376661285228     
   56.800000000000004       0.56525290837195363     
   56.900000000000006       0.56532452754184337     
   57.000000000000000       0.56543790978767583     
   57.100000000000001       0.56560192306032264     
   57.200000000000003       0.56582492889910307     
   57.300000000000004       0.56611469879971366     
   57.400000000000006       0.56647833648365165     
   57.500000000000000       0.56692220684690253     
   57.600000000000001       0.56745187229810423     
   57.700000000000003       0.56807203712351051     
   57.800000000000004       0.56878650043452716     
   57.900000000000006       0.56959811816919004     
   58.000000000000000       0.57050877452689341     
   58.100000000000001       0.57151936312280049     
   58.200000000000003       0.57262977804972715     
   58.300000000000004       0.57383891493761163     
   58.400000000000006       0.57514468199923641     
   58.500000000000000       0.57654402095245816     
   58.600000000000001       0.57803293760899011     
   58.700000000000003       0.57960654182442239     
   58.800000000000004       0.58125909640929796     
   58.900000000000006       0.58298407451262946     
   59.000000000000000       0.58477422490332098     
   59.100000000000001       0.58662164449711485     
   59.200000000000003       0.58851785740312879     
   59.300000000000004       0.59045389969979789     
   59.400000000000006       0.59242040909197269     
   59.500000000000000       0.59440771855261887     
   59.600000000000001       0.59640595301241162     
   59.700000000000003       0.59840512813018221     
   59.800000000000004       0.60039525015630557     
   59.900000000000006       0.60236641589017403     
   60.000000000000000       0.60430891173202439     
   60.100000000000001       0.60621331083834840     
   60.200000000000003       0.60807056740919818     
   60.300000000000004       0.60987210716426188     
   60.400000000000006       0.61160991310282975     
   60.500000000000000       0.61327660568983611     
   60.600000000000001       0.61486551666595324     
   60.700000000000003       0.61637075574354283     
   60.800000000000004       0.61778726952129515     
   60.900000000000006       0.61911089202836989     
   61.000000000000000       0.62033838639241190     
   61.100000000000001       0.62146747721477869     
   61.200000000000003       0.62249687332904025     
   61.300000000000004       0.62342628071527029     
   61.400000000000006       0.62425640544079264     
   61.500000000000000       0.62498894659811843     
   61.600000000000001       0.62562657931061982     
   61.700000000000003       0.62617292797594704     
   61.800000000000004       0.62663253001479269     
   61.900000000000006       0.62701079048761332     
   62.000000000000000       0.62731392803322861     
   62.100000000000001       0.62754891266997148     
   62.200000000000003       0.62772339608158423     
   62.300000000000004       0.62784563508507041     
   62.400000000000006       0.62792440904599878     
   62.500000000000000       0.62796893206730631     
   62.600000000000001       0.62798876082983079     
   62.700000000000003       0.62799369900638424     
   62.800000000000004       0.62799369920542814     
   62.900000000000006       0.62799876342506911     
   63.000000000000000       0.62801884301308519     
   63.100000000000001       0.62806373913353197     
   63.200000000000003       0.62814300473550722     
   63.300000000000004       0.62826584900455329     
   63.400000000000006       0.62844104525238054     
   63.500000000000000       0.62867684316619632     
   63.600000000000001       0.62898088629535087     
   63.700000000000003       0.62936013560052950     
   63.800000000000004       0.62982079983024264     
   63.900000000000006       0.63036827342092683     
   64.000000000000000       0.63100708254176208     
   64.100000000000009       0.63174083982396934     
   64.200000000000003       0.63257220822722959     
   64.299999999999997       0.63350287440479736     
   64.400000000000006       0.63453353183356564     
   64.500000000000000       0.63566387387792977     
   64.600000000000009       0.63689259685675337     
   64.700000000000003       0.63821741308277624     
   64.799999999999997       0.63963507374407258     
   64.900000000000006       0.64114140139866815     
   65.000000000000000       0.64273133175730790     
   65.100000000000009       0.64439896433648758     
   65.200000000000003       0.64613762147508746     
   65.299999999999997       0.64793991512432680     
   65.400000000000006       0.64979782074305004     
   65.500000000000000       0.65170275755917184     
   65.600000000000009       0.65364567439456522     
   65.700000000000003       0.65561714019495021     
   65.799999999999997       0.65760743835929081     
   65.900000000000006       0.65960666392525702     
   66.000000000000000       0.66160482263862663     
   66.100000000000009       0.66359193091585733     
   66.200000000000003       0.66555811569985646     
   66.299999999999997       0.66749371321031981     
   66.400000000000006       0.66938936560085904     
   66.500000000000000       0.67123611455616450     
   66.600000000000009       0.67302549089310748     
   66.700000000000003       0.67474959926948019     
   66.799999999999997       0.67640119715324254     
   66.900000000000006       0.67797376726228253     
   67.000000000000000       0.67946158275032131     
   67.100000000000009       0.68085976448679397     
   67.200000000000003       0.68216432985793163     
   67.299999999999997       0.68337223260086677     
   67.400000000000006       0.68448139327233903     
   67.500000000000000       0.68549072004730283     
   67.600000000000009       0.68640011963935588     
   67.700000000000003       0.68721049823378544     
   67.799999999999997       0.68792375242390924     
   67.900000000000006       0.68854275024134770     
   68.000000000000000       0.68907130246996706     
   68.100000000000009       0.68951412453042515     
   68.200000000000003       0.68987678931652963     
   68.299999999999997       0.69016567145514840     
   68.400000000000006       0.69038788354721325     
   68.500000000000000       0.69055120502743861     
   68.600000000000009       0.69066400435449171     
   68.700000000000003       0.69073515530955343     
   68.799999999999997       0.69077394824090899     
   68.900000000000006       0.69078999714170908     
   69.000000000000000       0.69079314349098830     
   69.100000000000009       0.69079335781902462     
   69.200000000000003       0.69080063998223917     
   69.299999999999997       0.69082491914451116     
   69.400000000000006       0.69087595446577210     
   69.500000000000000       0.69096323749082789     
   69.600000000000009       0.69109589721495279     
   69.700000000000003       0.69128260877567960     
   69.799999999999997       0.69153150668404650     
   69.900000000000006       0.69185010346326503     
   70.000000000000000       0.69224521450839682     
   70.100000000000009       0.69272288991885478     
   70.200000000000003       0.69328835398521316     
   70.299999999999997       0.69394595293593542     
   70.400000000000006       0.69469911146634633     
   70.500000000000000       0.69555029848485161     
   70.600000000000009       0.69650100241890811     
   70.700000000000003       0.69755171632776902     
   70.799999999999997       0.69870193297091476     
   70.900000000000006       0.69995014988146464     
   71.000000000000000       0.70129388439385321     
   71.100000000000009       0.70272969847545919     
   71.200000000000003       0.70425323311378940     
   71.299999999999997       0.70585925191533794     
   71.400000000000006       0.70754169347999785     
   71.500000000000000       0.70929373202716051     
   71.600000000000009       0.71110784566721275     
   71.700000000000003       0.71297589163543951     
   71.799999999999997       0.71488918773598142     
   71.900000000000006       0.71683859918114556     
   72.000000000000000       0.71881462995757384     
   72.100000000000009       0.72080751780532870     
   72.200000000000003       0.72280733186006363     
   72.299999999999997       0.72480407198150443     
   72.400000000000006       0.72678776877485973     
   72.500000000000000       0.72874858330469250     
   72.600000000000009       0.73067690550399900     
   72.700000000000003       0.73256345029402115     
   72.799999999999997       0.73439935045371130     
   72.900000000000006       0.73617624530955994     
   73.000000000000000       0.73788636435916766     
   73.100000000000009       0.73952260499170630     
   73.200000000000003       0.74107860352832411     
   73.299999999999997       0.74254879887158254     
   73.400000000000006       0.74392848812763634     
   73.500000000000000       0.74521387364447733     
   73.600000000000009       0.74640210099617643     
   73.700000000000003       0.74749128753269789     
   73.799999999999997       0.74848054121033980     
   73.900000000000006       0.74936996951378110     
   74.000000000000000       0.75016067838116951     
   74.100000000000009       0.75085476114241645     
   74.200000000000003       0.75145527758179043     
   74.299999999999997       0.75196622333388630     
   74.400000000000006       0.75239248991935470     
   74.500000000000000       0.75273981581985927     
   74.600000000000009       0.75301472908180911     
   74.700000000000003       0.75322448202283343     
   74.799999999999997       0.75337697869409082     
   74.900000000000006       0.75348069582396116     
   75.000000000000000       0.75354459803380458     
   75.100000000000009       0.75357804817380925     
   75.200000000000003       0.75359071367577024     
   75.299999999999997       0.75359246985943951     
   75.400000000000006       0.75359330115956435     
   75.500000000000000       0.75360320126158165     
   75.600000000000009       0.75363207314477043     
   75.700000000000003       0.75368963003265221     
   75.799999999999997       0.75378529824132545     
   75.900000000000006       0.75392812289746658     
   76.000000000000000       0.75412667746893736     
   76.100000000000009       0.75438897801300731     
   76.200000000000003       0.75472240299969573     
   76.299999999999997       0.75513361951236890     
   76.400000000000006       0.75562851656350261     
   76.500000000000000       0.75621214619286869     
   76.600000000000009       0.75688867293692963     
   76.700000000000003       0.75766133217524934     
   76.800000000000011       0.75853239777012438     
   76.900000000000006       0.75950315932351053     
   77.000000000000000       0.76057390927833179     
   77.100000000000009       0.76174393999355750     
   77.200000000000003       0.76301155082192562     
   77.300000000000011       0.76437406511993988     
   77.400000000000006       0.76582785701952150     
   77.500000000000000       0.76736838769407156     
   77.600000000000009       0.76899025075571315     
   77.700000000000003       0.77068722633004982     
   77.800000000000011       0.77245234326731060     
   77.900000000000006       0.77427794886782120     
   78.000000000000000       0.77615578542427743     
   78.100000000000009       0.77807707281535443     
   78.200000000000003       0.78003259632447175     
   78.300000000000011       0.78201279880540164     
   78.400000000000006       0.78400787627282342     
   78.500000000000000       0.78600787596182220     
   78.600000000000009       0.78800279587538991     
   78.700000000000003       0.78998268482447498     
   78.800000000000011       0.79193774195968081     
   78.900000000000006       0.79385841479947661     
   79.000000000000000       0.79573549477400107     
   79.100000000000009       0.79756020932928540     
   79.200000000000003       0.79932430967023504     
   79.300000000000011       0.80102015326519960     
   79.400000000000006       0.80264078028643582     
   79.500000000000000       0.80417998322244810     
   79.600000000000009       0.80563236896538803     
   79.700000000000003       0.80699341275303849     
   79.800000000000011       0.80825950342536401     
   79.900000000000006       0.80942797954347656     
   80.000000000000000       0.81049715600917638     
   80.100000000000009       0.81146634091949954     
   80.200000000000003       0.81233584248692203     
   80.300000000000011       0.81310696595683074     
   80.400000000000006       0.81378200055226257     
   80.500000000000000       0.81436419657725179     
   80.600000000000009       0.81485773290718255     
   80.700000000000003       0.81526767519174559     
   80.800000000000011       0.81559992518825775     
   80.900000000000006       0.81586116173233325     
   81.000000000000000       0.81605877393612003     
   81.100000000000009       0.81620078728245005     
   81.200000000000003       0.81629578335389885     
   81.300000000000011       0.81635281399987536     
   81.400000000000006       0.81638131079992415     
   81.500000000000000       0.81639099072918542     
   81.600000000000009       0.81639175896906147     
   81.700000000000003       0.81639360983575948     
   81.800000000000011       0.81640652681697701     
   81.900000000000006       0.81644038271718800     
   82.000000000000000       0.81650484090976116     
   82.100000000000009       0.81660925868396550     
   82.200000000000003       0.81676259365328774     
   82.300000000000011       0.81697331416147556     
   82.400000000000006       0.81724931458206362     
   82.500000000000000       0.81759783635893335     
   82.600000000000009       0.81802539557733156     
   82.700000000000003       0.81853771779000872     
   82.800000000000011       0.81913968075024635     
   82.900000000000006       0.81983526562456188     
   83.000000000000000       0.82062751717305982     
   83.100000000000009       0.82151851329578418     
   83.200000000000003       0.82250934424952282     
   83.300000000000011       0.82360010174307086     
   83.400000000000006       0.82478987801998505     
   83.500000000000000       0.82607677493789988     
   83.600000000000009       0.82745792295384712     
   83.700000000000003       0.82892950982529356     
   83.800000000000011       0.83048681874034469     
   83.900000000000006       0.83212427549513601     
   84.000000000000000       0.83383550424718067     
   84.100000000000009       0.83561339128640155     
   84.200000000000003       0.83745015618656660     
   84.300000000000011       0.83933742962505664     
   84.400000000000006       0.84126633709285492     
   84.500000000000000       0.84322758765737560     
   84.600000000000009       0.84521156689037091     
   84.700000000000003       0.84720843303146287     
   84.800000000000011       0.84920821542539981     
   84.900000000000006       0.85120091424857958     
   85.000000000000000       0.85317660052727717     
   85.100000000000009       0.85512551544723048     
   85.200000000000003       0.85703816796132259     
   85.300000000000011       0.85890542971900941     
   85.400000000000006       0.86071862636810759     
   85.500000000000000       0.86246962431564245     
   85.600000000000009       0.86415091208008954     
   85.700000000000003       0.86575567542112974     
   85.800000000000011       0.86727786549579966     
   85.900000000000006       0.86871225935888641     
   86.000000000000000       0.87005451220295837     
   86.100000000000009       0.87130120081500806     
   86.200000000000003       0.87244985781553874     
   86.300000000000011       0.87349899633718975     
   86.400000000000006       0.87444812489649282     
   86.500000000000000       0.87529775230956697     
   86.600000000000009       0.87604938260308063     
   86.700000000000003       0.87670549997082214     
   86.800000000000011       0.87726954392696399     
   86.900000000000006       0.87774587490383649     
   87.000000000000000       0.87813973063912865     
   87.100000000000009       0.87845717378777610     
   87.200000000000003       0.87870503128353106     
   87.300000000000011       0.87889082605573687     
   87.400000000000006       0.87902270178522190     
   87.500000000000000       0.87910934145097452     
   87.600000000000009       0.87915988048319937     
   87.700000000000003       0.87918381539053914     
   87.800000000000011       0.87919090877620376     
   87.900000000000006       0.87919109169218290     
   88.000000000000000       0.87919436430912778     
   88.100000000000009       0.87921069589434175     
   88.200000000000003       0.87924992509949296     
   88.300000000000011       0.87932166155408131     
   88.400000000000006       0.87943518975026336     
   88.500000000000000       0.87959937617903150     
   88.600000000000009       0.87982258064788621     
   88.700000000000003       0.88011257266573084     
   88.800000000000011       0.88047645373254657     
   88.900000000000006       0.88092058630989800     
   89.000000000000000       0.88145053018386721     
   89.100000000000009       0.88207098685581309     
   89.200000000000003       0.88278575251819758     
   89.300000000000011       0.88359768008484285     
   89.400000000000006       0.88450865065628748     
   89.500000000000000       0.88551955470485533     
   89.600000000000009       0.88663028316826897     
   89.700000000000003       0.88783972854041759     
   89.800000000000011       0.88914579594867371     
   89.900000000000006       0.89054542410678550     
   90.000000000000000       0.89203461593387767     
   90.100000000000009       0.89360847853324421     
   90.200000000000003       0.89526127213111173     
   90.300000000000011       0.89698646748584465     
   90.400000000000006       0.89877681119344011     
   90.500000000000000       0.90062439823604890     
   90.600000000000009       0.90252075104798735     
   90.700000000000003       0.90445690430834158     
   90.800000000000011       0.90642349461211091     
   90.900000000000006       0.90841085412297584     
   91.000000000000000       0.91040910727101243     
   91.100000000000009       0.91240826952813037     
   91.200000000000003       0.91439834727334124     
   91.300000000000011       0.91636943774893242     
   91.400000000000006       0.91831182810787160     
   91.500000000000000       0.92021609256169201     
   91.600000000000009       0.92207318665724913     
   91.700000000000003       0.92387453773928763     
   91.800000000000011       0.92561213069423742     
   91.900000000000006       0.92727858811725528     
   92.000000000000000       0.92886724410115773     
   92.100000000000009       0.93037221090871924     
   92.200000000000003       0.93178843786188947     
   92.300000000000011       0.93311176185862799     
   92.400000000000006       0.93433894901230485     
   92.500000000000000       0.93546772699696545     
   92.600000000000009       0.93649680777521704     
   92.700000000000003       0.93742590048109531     
   92.800000000000011       0.93825571432936550     
   92.900000000000006       0.93898795152194847     
   93.000000000000000       0.93962529022244878     
   93.100000000000009       0.94017135776924021     
   93.200000000000003       0.94063069439475011     
   93.300000000000011       0.94100870781411683     
   93.400000000000006       0.94131161913716987     
   93.500000000000000       0.94154640064493600     
   93.600000000000009       0.94172070605284364     
   93.700000000000003       0.94184279395829384     
   93.800000000000011       0.94192144523812849     
   93.900000000000006       0.94196587522236741     
   94.000000000000000       0.94198564152236253     
   94.100000000000009       0.94199054843572361     
   94.200000000000003       0.94199054888356726     
   94.300000000000011       0.94199564486153797     
   94.400000000000006       0.94201578739974501     
   94.500000000000000       0.94206077703263702     
   94.600000000000009       0.94214016577398729     
   94.700000000000003       0.94226316157770329     
   94.800000000000011       0.94243853623983653     
   94.900000000000006       0.94267453766311771     
   95.000000000000000       0.94297880736136075     
   95.100000000000009       0.94335830402914345     
   95.200000000000003       0.94381923394082590     
   95.300000000000011       0.94436698887551185     
   95.400000000000006       0.94500609218836984     
   95.500000000000000       0.94574015356811236     
   95.600000000000009       0.94657183293284586     
   95.700000000000003       0.94750281382557167     
   95.800000000000011       0.94853378657542053     
   95.900000000000006       0.94966444139293293     
   96.000000000000000       0.95089347146862080     
   96.100000000000009       0.95221858604363552     
   96.200000000000003       0.95363653332197373     
   96.300000000000011       0.95514313299491049     
   96.400000000000006       0.95673331805246953     
   96.500000000000000       0.95840118546364328     
   96.600000000000009       0.96014005521851586     
   96.700000000000003       0.96194253714173594     
   96.800000000000011       0.96380060480901431     
   96.900000000000006       0.96570567582746836     
   97.000000000000000       0.96764869767667006     
   97.100000000000009       0.96962023825199828     
   97.200000000000003       0.97161058020451818     
   97.300000000000011       0.97360981813391712     
   97.400000000000006       0.97560795766233477     
   97.500000000000000       0.97759501539809823     
   97.600000000000009       0.97956111878964791     
   97.700000000000003       0.98149660487074297     
   97.800000000000011       0.98339211690954098     
   97.900000000000006       0.98523869799450259     
   98.000000000000000       0.98702788062156477     
   98.100000000000009       0.98875177138598047     
   98.200000000000003       0.99040312993228574     
   98.300000000000011       0.99197544137220262     
   98.400000000000006       0.99346298144667966     
   98.500000000000000       0.99486087377981969     
   98.600000000000009       0.99616513865248957     
   98.700000000000003       0.99737273280737981     
   98.800000000000011       0.99848157988775066     
   98.900000000000006       0.99949059120508477     
   99.000000000000000        1.0003996766281888     
   99.100000000000009        1.0012097454846540     
   99.200000000000003        1.0019226974658335     
   99.300000000000011        1.0025414036259928     
   99.400000000000006        1.0030696776662051     
   99.500000000000000        1.0035122377895209     
   99.600000000000009        1.0038746595096815     
   99.700000000000003        1.0041633198846727     
   99.800000000000011        1.0043853337335304     
   99.900000000000006        1.0045484824737787     
   100.00000000000000        1.0046611362918358     
