   0.0000000000000000       0.70711633077646430     
  0.10000000000000001       0.70714459768569671     
  0.20000000000000001       0.70719045169171257     
  0.30000000000000004       0.70725205965502436     
  0.40000000000000002       0.70732695918268917     
  0.50000000000000000       0.70741215749002773     
  0.60000000000000009       0.70750425142128703     
  0.70000000000000007       0.70759956374688771     
  0.80000000000000004       0.70769429022146069     
  0.90000000000000002       0.70778465148552272     
   1.0000000000000000       0.70786704373609355     
   1.1000000000000001       0.70793818217826454     
   1.2000000000000002       0.70799523159126299     
   1.3000000000000000       0.70803591888122641     
   1.4000000000000001       0.70805862322261948     
   1.5000000000000000       0.70806244028137899     
   1.6000000000000001       0.70804721802908011     
   1.7000000000000002       0.70801356276240945     
   1.8000000000000000       0.70796281509505699     
   1.9000000000000001       0.70789699685075980     
   2.0000000000000000       0.70781873091468983     
   2.1000000000000001       0.70773113715723790     
   2.2000000000000002       0.70763770848921559     
   2.3000000000000003       0.70754217190620772     
   2.4000000000000004       0.70744833999780032     
   2.5000000000000000       0.70735995880861591     
   2.6000000000000001       0.70728055812015211     
   2.7000000000000002       0.70721331016302635     
   2.8000000000000003       0.70716090246467855     
   2.9000000000000004       0.70712542999457284     
   3.0000000000000000       0.70710831100655136     
   3.1000000000000001       0.70711023002425055     
   3.2000000000000002       0.70713111031096454     
   3.3000000000000003       0.70717011695621090     
   3.4000000000000004       0.70722569045206474     
   3.5000000000000000       0.70729560937844382     
   3.6000000000000001       0.70737707962458096     
   3.7000000000000002       0.70746684649568525     
   3.8000000000000003       0.70756132513596504     
   3.9000000000000004       0.70765674397854283     
   4.0000000000000000       0.70774929543665110     
   4.1000000000000005       0.70783528779493676     
   4.2000000000000002       0.70791129224922400     
   4.2999999999999998       0.70797427927266599     
   4.4000000000000004       0.70802173894054787     
   4.5000000000000000       0.70805178050301576     
   4.6000000000000005       0.70806320732540817     
   4.7000000000000002       0.70805556428668892     
   4.8000000000000007       0.70802915580046311     
   4.9000000000000004       0.70798503376176658     
   5.0000000000000000       0.70792495588562454     
   5.1000000000000005       0.70785131605006513     
   5.2000000000000002       0.70776704934642864     
   5.3000000000000007       0.70767551553395580     
   5.4000000000000004       0.70758036545706882     
   5.5000000000000000       0.70748539567746160     
   5.6000000000000005       0.70739439707007901     
   5.7000000000000002       0.70731100340756969     
   5.8000000000000007       0.70723854599614888     
   5.9000000000000004       0.70717992021866882     
   6.0000000000000000       0.70713746939182742     
   6.1000000000000005       0.70711289066645866     
   6.2000000000000002       0.70710716681870744     
   6.3000000000000007       0.70712052673017756     
   6.4000000000000004       0.70715243618172663     
   6.5000000000000000       0.70720161933976144     
   6.6000000000000005       0.70726611005108186     
   6.7000000000000002       0.70734333083901157     
   6.8000000000000007       0.70743019636401494     
   6.9000000000000004       0.70752323712497023     
   7.0000000000000000       0.70761873837400835     
   7.1000000000000005       0.70771288862943060     
   7.2000000000000002       0.70780193181823847     
   7.3000000000000007       0.70788231697153425     
   7.4000000000000004       0.70795083953095195     
   7.5000000000000000       0.70800476869107576     
   7.6000000000000005       0.70804195578196760     
   7.7000000000000002       0.70806091946080529     
   7.8000000000000007       0.70806090440057667     
   7.9000000000000004       0.70804191120110960     
   8.0000000000000000       0.70800469636532359     
   8.0999999999999996       0.70795074234161637     
   8.2000000000000011       0.70788219879131187     
   8.3000000000000007       0.70780179735760540     
   8.4000000000000004       0.70771274324956213     
   8.5000000000000000       0.70761858787361986     
   8.5999999999999996       0.70752308750937154     
   8.7000000000000011       0.70743005360560995     
   8.8000000000000007       0.70734320063867773     
   8.9000000000000004       0.70726599761011388     
   9.0000000000000000       0.70720152915143275     
   9.0999999999999996       0.70715237185105617     
   9.2000000000000011       0.70712049082911843     
   9.3000000000000007       0.70710716078278668     
   9.4000000000000004       0.70711291473703886     
   9.5000000000000000       0.70713752260640428     
   9.6000000000000014       0.70718000044957174     
   9.7000000000000011       0.70723865003609621     
   9.8000000000000007       0.70731112709852062     
   9.9000000000000004       0.70739453547011288     
   10.000000000000000       0.70748554325892232     
   10.100000000000001       0.70758051632782193     
   10.200000000000001       0.70767566367295509     
   10.300000000000001       0.70776718884398027     
   10.400000000000000       0.70785144134335731     
   10.500000000000000       0.70792506198001803     
   10.600000000000001       0.70798511642927753     
   10.700000000000001       0.70802921174750544     
   10.800000000000001       0.70805559128468032     
   10.900000000000000       0.70806320429903158     
   11.000000000000000       0.70805174757280354     
   11.100000000000001       0.70802167741811861     
   11.200000000000001       0.70797419160877073     
   11.300000000000001       0.70791118193666280     
   11.400000000000000       0.70783515923005114     
   11.500000000000000       0.70774915374483938     
   11.600000000000001       0.70765659481054799     
   11.700000000000001       0.70756117444299060     
   11.800000000000001       0.70746670029217495     
   11.900000000000000       0.70737694374810656     
   12.000000000000000       0.70729548925627239     
   12.100000000000001       0.70722559088383674     
   12.200000000000001       0.70717004192147292     
   12.300000000000001       0.70713106280939841     
   12.400000000000000       0.70711021195515511     
   12.500000000000000       0.70710832309245975     
   12.600000000000001       0.70712547175220075     
   12.700000000000001       0.70716097222434982     
   12.800000000000001       0.70721340513583864     
   12.900000000000000       0.70728067451002974     
   13.000000000000000       0.70736009196476202     
   13.100000000000001       0.70744848460121790     
   13.200000000000001       0.70754232218277557     
   13.300000000000001       0.70763785844063398     
   13.400000000000000       0.70773128080057213     
   13.500000000000000       0.70781886252093984     
   13.600000000000001       0.70789711117291421     
   13.700000000000001       0.70796290757671343     
   13.800000000000001       0.70801362971863346     
   13.900000000000000       0.70804725679257974     
   14.000000000000000       0.70806244930816331     
   14.100000000000001       0.70805860215316863     
   14.200000000000001       0.70803586855471190     
   14.300000000000001       0.70799515401233604     
   14.400000000000000       0.70793808043762796     
   14.500000000000000       0.70786692188802303     
   14.600000000000001       0.70778451438698908     
   14.700000000000001       0.70769414333922087     
   14.800000000000001       0.70759941294003137     
   14.900000000000000       0.70750410270783792     
   15.000000000000000       0.70741201680684540     
   15.100000000000001       0.70732683214821312     
   15.200000000000001       0.70725195134441476     
   15.300000000000001       0.70719036643345212     
   15.400000000000000       0.70714453888789142     
   15.500000000000000       0.70711630078994403     
   15.600000000000001       0.70710678121036163     
   15.700000000000001       0.70711636080966100     
   15.800000000000001       0.70714465652736214     
   15.900000000000000       0.70719053698926038     
   16.000000000000000       0.70725216799878032     
   16.100000000000001       0.70732708624284923     
   16.199999999999999       0.70741229819040596     
   16.300000000000001       0.70750440014275962     
   16.400000000000002       0.70759971455228354     
   16.500000000000000       0.70769443709281543     
   16.600000000000001       0.70778478856418403     
   16.699999999999999       0.70786716555610241     
   16.800000000000001       0.70793828388376079     
   16.900000000000002       0.70799530912938924     
   17.000000000000000       0.70803596916289258     
   17.100000000000001       0.70805864424497267     
   17.199999999999999       0.70806243120711754     
   17.300000000000001       0.70804717921961402     
   17.400000000000002       0.70801349576355810     
   17.500000000000000       0.70796272257582094     
   17.600000000000001       0.70789688249755989     
   17.699999999999999       0.70781859928518553     
   17.800000000000001       0.70773099349935342     
   17.900000000000002       0.70763755853254406     
   18.000000000000000       0.70754202163388913     
   18.100000000000001       0.70744819540797355     
   18.199999999999999       0.70735982567486799     
   18.300000000000001       0.70728044176057570     
   18.400000000000002       0.70721321522722402     
   18.500000000000000       0.70716083274723218     
   18.600000000000001       0.70712538828271776     
   18.699999999999999       0.70710829896811811     
   18.800000000000001       0.70711024814063306     
   18.900000000000002       0.70713115785773217     
   19.000000000000000       0.70717019203226650     
   19.100000000000001       0.70722579005606512     
   19.200000000000003       0.70729572952942266     
   19.300000000000001       0.70737721552174682     
   19.400000000000002       0.70746699271094460     
   19.500000000000000       0.70756147583128270     
   19.600000000000001       0.70765689313938651     
   19.700000000000003       0.70774943711210658     
   19.800000000000001       0.70783541633491065     
   19.900000000000002       0.70791140252932405     
   20.000000000000000       0.70797436689783821     
   20.100000000000001       0.70802180041954166     
   20.200000000000003       0.70805181338680434     
   20.300000000000001       0.70806321030422981     
   20.400000000000002       0.70805553724189962     
   20.500000000000000       0.70802909980924456     
   20.600000000000001       0.70798495105446957     
   20.700000000000003       0.70792484975740511     
   20.800000000000001       0.70785119073027658     
   20.900000000000002       0.70776690983075075     
   21.000000000000000       0.70767536738594405     
   21.100000000000001       0.70758021458676312     
   21.200000000000003       0.70748524810590707     
   21.300000000000001       0.70739425868900585     
   21.400000000000002       0.70731087974389439     
   21.500000000000000       0.70723844199069241     
   21.600000000000001       0.70717984002810452     
   21.700000000000003       0.70713741622181947     
   21.800000000000001       0.70711286664289852     
   21.900000000000002       0.70710717290221825     
   22.000000000000000       0.70712056267749723     
   22.100000000000001       0.70715250055547296     
   22.200000000000003       0.70720170956626327     
   22.300000000000001       0.70726622252379445     
   22.400000000000002       0.70734346106339674     
   22.500000000000000       0.70743033913782061     
   22.600000000000001       0.70752338674670356     
   22.700000000000003       0.70761888887102697     
   22.800000000000001       0.70771303399656382     
   22.900000000000002       0.70780206625728126     
   23.000000000000000       0.70788243512217464     
   23.100000000000001       0.70795093668389386     
   23.200000000000003       0.70800484097507776     
   23.300000000000001       0.70804200031738096     
   23.400000000000002       0.70806093447370677     
   23.500000000000000       0.70806088929302180     
   23.600000000000001       0.70804186657481083     
   23.700000000000003       0.70800462399782671     
   23.800000000000001       0.70795064511589545     
   23.900000000000002       0.70788208058152191     
   24.000000000000000       0.70780166287538904     
   24.100000000000001       0.70771259785697405     
   24.200000000000003       0.70761843736987551     
   24.300000000000001       0.70752293789992793     
   24.400000000000002       0.70742991086261420     
   24.500000000000000       0.70734307046241351     
   24.600000000000001       0.70726588520089850     
   24.700000000000003       0.70720143900129318     
   24.800000000000001       0.70715230756346714     
   24.900000000000002       0.70712045497432330     
   25.000000000000000       0.70710715479445840     
   25.100000000000001       0.70711293885463700     
   25.200000000000003       0.70713757586554238     
   25.300000000000001       0.70718008072080329     
   25.400000000000002       0.70723875411052828     
   25.500000000000000       0.70731125081672874     
   25.600000000000001       0.70739467388910338     
   25.700000000000003       0.70748569085026591     
   25.800000000000001       0.70758066719901425     
   25.900000000000002       0.70767581180291306     
   26.000000000000000       0.70776732832339961     
   26.100000000000001       0.70785156661013082     
   26.200000000000003       0.70792516804058436     
   26.300000000000001       0.70798519905698409     
   26.400000000000002       0.70802926765037333     
   26.500000000000000       0.70805561823587304     
   26.600000000000001       0.70806320122509847     
   26.700000000000003       0.70805171459617655     
   26.800000000000001       0.70802161585225842     
   26.900000000000002       0.70797410390616500     
   27.000000000000000       0.70791107159164957     
   27.100000000000001       0.70783503064027420     
   27.200000000000003       0.70774901203668428     
   27.300000000000001       0.70765644563541763     
   27.400000000000002       0.70756102375237906     
   27.500000000000000       0.70746655410043169     
   27.600000000000001       0.70737680789233226     
   27.700000000000003       0.70729536916292013     
   27.800000000000001       0.70722549135139168     
   27.900000000000002       0.70716996692805301     
   28.000000000000000       0.70713101535304035     
   28.100000000000001       0.70711019393334762     
   28.200000000000003       0.70710833522584349     
   28.300000000000001       0.70712551355559461     
   28.400000000000002       0.70716104202625107     
   28.500000000000000       0.70721350014564832     
   28.600000000000001       0.70728079093020335     
   28.700000000000003       0.70736022514328856     
   28.800000000000001       0.70744862921821616     
   28.900000000000002       0.70754247246357838     
   29.000000000000000       0.70763800838677937     
   29.100000000000001       0.70773142442934023     
   29.200000000000003       0.70781899410391058     
   29.300000000000001       0.70789722546401612     
   29.400000000000002       0.70796300002077750     
   29.500000000000000       0.70801369663222880     
   29.600000000000001       0.70804729551010670     
   29.700000000000003       0.70806245828746617     
   29.800000000000001       0.70805858103661923     
   29.900000000000002       0.70803581818335792     
   30.000000000000000       0.70799507639261128     
   30.100000000000001       0.70793797866187080     
   30.200000000000003       0.70786680001190116     
   30.300000000000001       0.70778437726859500     
   30.400000000000002       0.70769399644610964     
   30.500000000000000       0.70759926213172708     
   30.600000000000001       0.70750395400243526     
   30.700000000000003       0.70741187614087164     
   30.800000000000001       0.70732670513942975     
   30.900000000000002       0.70725184306696054     
   31.000000000000000       0.70719028121448912     
   31.100000000000001       0.70714448013395048     
   31.200000000000003       0.70711627085010442     
   31.300000000000001       0.70710678128180571     
   31.400000000000002       0.70711639088953582     
   31.500000000000000       0.70714471541287671     
   31.600000000000001       0.70719062232608665     
   31.700000000000003       0.70725227637567034     
   31.800000000000001       0.70732721332868176     
   31.900000000000002       0.70741243890796479     
   32.000000000000000       0.70750454887224279     
   32.100000000000001       0.70759986535620023     
   32.200000000000003       0.70769458395326912     
   32.300000000000004       0.70778492562295425     
   32.399999999999999       0.70786728734803028     
   32.500000000000000       0.70793838555411515     
   32.600000000000001       0.70799538662670258     
   32.700000000000003       0.70803601939970873     
   32.800000000000004       0.70805866522022221     
   32.899999999999999       0.70806242208537495     
   33.000000000000000       0.70804714036418781     
   33.100000000000001       0.70801342872208883     
   33.200000000000003       0.70796263001900994     
   33.300000000000004       0.70789676811333135     
   33.399999999999999       0.70781846763242706     
   33.500000000000000       0.70773084982693146     
   33.600000000000001       0.70763740857062662     
   33.700000000000003       0.70754187136583890     
   33.800000000000004       0.70744805083175522     
   33.899999999999999       0.70735969256352571     
   34.000000000000000       0.70728032543132113     
   34.100000000000001       0.70721312032843830     
   34.200000000000003       0.70716076307203068     
   34.300000000000004       0.70712534661663495     
   34.399999999999999       0.70710828697716355     
   34.500000000000000       0.70711026630429819     
   34.600000000000001       0.70713120544969998     
   34.700000000000003       0.70717026714962838     
   34.800000000000004       0.70722588969583233     
   34.899999999999999       0.70729584970919512     
   35.000000000000000       0.70737735143959046     
   35.100000000000001       0.70746713893793678     
   35.200000000000003       0.70756162652893073     
   35.300000000000004       0.70765704229306270     
   35.399999999999999       0.70774957877119082     
   35.500000000000000       0.70783554484996547     
   35.600000000000001       0.70791151277695075     
   35.700000000000003       0.70797445448427798     
   35.800000000000004       0.70802186185509142     
   35.899999999999999       0.70805184622416983     
   36.000000000000000       0.70806321323549581     
   36.100000000000001       0.70805551015031565     
   36.200000000000003       0.70802904377385878     
   36.300000000000004       0.70798486830738661     
   36.399999999999999       0.70792474359538149     
   36.500000000000000       0.70785106538399511     
   36.600000000000001       0.70776677029696700     
   36.700000000000003       0.70767521922892507     
   36.800000000000004       0.70758006371692084     
   36.899999999999999       0.70748510054426916     
   37.000000000000000       0.70739412032691307     
   37.100000000000001       0.70731075610750171     
   37.200000000000003       0.70723833801974301     
   37.300000000000004       0.70717975987788084     
   37.399999999999999       0.70713736309639297     
   37.500000000000000       0.70711284266635854     
   37.600000000000001       0.70710717903332365     
   37.700000000000003       0.70712059867106702     
   37.800000000000004       0.70715256497229584     
   37.899999999999999       0.70720179983092379     
   38.000000000000000       0.70726633502824798     
   38.100000000000001       0.70734359131181557     
   38.200000000000003       0.70743048192701508     
   38.300000000000004       0.70752353637455168     
   38.400000000000006       0.70761903936466464     
   38.500000000000000       0.70771317935094114     
   38.600000000000001       0.70780220067472233     
   38.700000000000003       0.70788255324321614     
   38.800000000000004       0.70795103380043656     
   38.900000000000006       0.70800491321731962     
   39.000000000000000       0.70804204480734412     
   39.100000000000001       0.70806094943927544     
   39.200000000000003       0.70806087413814023     
   39.300000000000004       0.70804182190307563     
   39.400000000000006       0.70800455158859565     
   39.500000000000000       0.70795054785380462     
   39.600000000000001       0.70788196234217071     
   39.700000000000003       0.70780152837161137     
   39.800000000000004       0.70771245245167713     
   39.900000000000006       0.70761828686279282     
   40.000000000000000       0.70752278829664861     
   40.100000000000001       0.70742976813504976     
   40.200000000000003       0.70734294031022360     
   40.300000000000004       0.70726577282345660     
   40.400000000000006       0.70720134888934083     
   40.500000000000000       0.70715224331897097     
   40.600000000000001       0.70712041916579338     
   40.700000000000003       0.70710714885372106     
   40.800000000000004       0.70711296301925264     
   40.900000000000006       0.70713762916924039     
   41.000000000000000       0.70718016103235670     
   41.100000000000001       0.70723885821943033     
   41.200000000000003       0.70731137456218529     
   41.300000000000004       0.70739481232702794     
   41.400000000000006       0.70748583845148838     
   41.500000000000000       0.70758081807062090     
   41.600000000000001       0.70767595992382804     
   41.700000000000003       0.70776746778466537     
   41.800000000000004       0.70785169185038033     
   41.900000000000006       0.70792527406730565     
   42.000000000000000       0.70798528164488717     
   42.100000000000001       0.70802932350905434     
   42.200000000000003       0.70805564514026398     
   42.300000000000004       0.70806319810361140     
   42.400000000000006       0.70805168157313336     
   42.500000000000000       0.70802155424297286     
   42.600000000000001       0.70797401616485411     
   42.700000000000003       0.70791096121419383     
   42.800000000000004       0.70783490202561383     
   42.900000000000006       0.70774887031219902     
   43.000000000000000       0.70765629645316730     
   43.100000000000001       0.70756087306413806     
   43.200000000000003       0.70746640792046711     
   43.300000000000004       0.70737667205727606     
   43.400000000000006       0.70729524909839903     
   43.500000000000000       0.70722539185474331     
   43.600000000000001       0.70716989197596458     
   43.700000000000003       0.70713096794189634     
   43.800000000000004       0.70711017595883008     
   43.900000000000006       0.70710834740670292     
   44.000000000000000       0.70712555540474964     
   44.100000000000001       0.70716111187036890     
   44.200000000000003       0.70721359519245097     
   44.300000000000004       0.70728090738065719     
   44.400000000000006       0.70736035834418742     
   44.500000000000000       0.70744877384877491     
   44.600000000000001       0.70754262274860535     
   44.700000000000003       0.70763815832763532     
   44.800000000000004       0.70773156804352944     
   44.900000000000006       0.70781912566359306     
   45.000000000000000       0.70789733972405666     
   45.100000000000001       0.70796309242723732     
   45.200000000000003       0.70801376350318790     
   45.300000000000004       0.70804733418165677     
   45.400000000000006       0.70806246721928745     
   45.500000000000000       0.70805855987297173     
   45.600000000000001       0.70803576776717103     
   45.700000000000003       0.70799499873209870     
   45.800000000000004       0.70793787685099641     
   45.900000000000006       0.70786667810773529     
   46.000000000000000       0.70778424013035734     
   46.100000000000001       0.70769384954213943     
   46.200000000000003       0.70759911132199438     
   46.300000000000004       0.70750380530507984     
   46.400000000000006       0.70741173549212699     
   46.500000000000000       0.70732657815635480     
   46.600000000000001       0.70725173482267867     
   46.700000000000003       0.70719019603482502     
   46.800000000000004       0.70714442142388412     
   46.900000000000006       0.70711624095694614     
   47.000000000000000       0.70710678140088079     
   47.100000000000001       0.70711642101607597     
   47.200000000000003       0.70714477434224154     
   47.300000000000004       0.70719070770217973     
   47.400000000000006       0.70725238478568986     
   47.500000000000000       0.70732734044016676     
   47.600000000000001       0.70741257964269477     
   47.700000000000003       0.70750469760971968     
   47.800000000000004       0.70760001615863088     
   47.900000000000006       0.70769473080280731     
   48.000000000000000       0.70778506266182784     
   48.100000000000001       0.70786740911187285     
   48.200000000000003       0.70793848718931474     
   48.300000000000004       0.70799546408319691     
   48.400000000000006       0.70803606959167031     
   48.500000000000000       0.70805868614836687     
   48.600000000000001       0.70806241291615268     
   48.700000000000003       0.70804710146279870     
   48.800000000000004       0.70801336163800577     
   48.900000000000006       0.70796253742463611     
   49.000000000000000       0.70789665369808230     
   49.100000000000001       0.70781833595643673     
   49.200000000000003       0.70773070613998545     
   49.300000000000004       0.70763725860348370     
   49.400000000000006       0.70754172110206770     
   49.500000000000000       0.70744790626915710     
   49.600000000000001       0.70735955947460605     
   49.700000000000003       0.70728020913239797     
   49.800000000000004       0.70721302546667897     
   49.900000000000006       0.70716069343907628     
   50.000000000000000       0.70712530499632986     
   50.100000000000001       0.70710827503368989     
   50.200000000000003       0.70711028451524438     
   50.300000000000004       0.70713125308686264     
   50.400000000000006       0.70717034230828701     
   50.500000000000000       0.70722598937135550     
   50.600000000000001       0.70729596991774935     
   50.700000000000003       0.70737748737809558     
   50.800000000000004       0.70746728517665136     
   50.900000000000006       0.70756177722889280     
   51.000000000000000       0.70765719143956096     
   51.100000000000001       0.70774972041388651     
   51.200000000000003       0.70783567334008868     
   51.300000000000004       0.70791162299208965     
   51.400000000000006       0.70797454203198185     
   51.500000000000000       0.70802192324719182     
   51.600000000000001       0.70805187901510824     
   51.700000000000003       0.70806321611920375     
   51.800000000000004       0.70805548301194121     
   51.900000000000006       0.70802898769431089     
   52.000000000000000       0.70798478552053368     
   52.100000000000001       0.70792463739955513     
   52.200000000000003       0.70785094001123905     
   52.300000000000004       0.70776663074508872     
   52.400000000000006       0.70767507106291760     
   52.500000000000000       0.70757991284755895     
   52.600000000000001       0.70748495299256264     
   52.700000000000003       0.70739398198381254     
   52.800000000000004       0.70731063249840609     
   52.900000000000006       0.70723823408330344     
   53.000000000000000       0.70717967976801244     
   53.100000000000001       0.70713731001554170     
   53.200000000000003       0.70711281873684584     
   53.300000000000004       0.70710718521201432     
   53.400000000000006       0.70712063471089281     
   53.500000000000000       0.70715262943217716     
   53.600000000000001       0.70720189013374568     
   53.700000000000003       0.70726644756441992     
   53.800000000000004       0.70734372158426506     
   53.900000000000006       0.70743062473157781     
   54.000000000000000       0.70752368600851268     
   54.100000000000001       0.70761918985489924     
   54.200000000000003       0.70771332469255832     
   54.300000000000004       0.70780233507054324     
   54.400000000000006       0.70788267133465310     
   54.500000000000000       0.70795113088056438     
   54.600000000000001       0.70800498541779855     
   54.700000000000003       0.70804208925185330     
   54.800000000000004       0.70806096435751464     
   54.900000000000006       0.70806085893593518     
   55.000000000000000       0.70804177718591044     
   55.100000000000001       0.70800447913763243     
   55.200000000000003       0.70795045055534955     
   55.300000000000004       0.70788184407327170     
   55.400000000000006       0.70780139384628082     
   55.500000000000000       0.70771230703368693     
   55.600000000000001       0.70761813635238335     
   55.700000000000003       0.70752263869954968     
   55.800000000000004       0.70742962542292498     
   55.900000000000006       0.70734281018212664     
   56.000000000000000       0.70726566047779205     
   56.100000000000001       0.70720125881559071     
   56.200000000000003       0.70715217911756867     
   56.300000000000004       0.70712038340353078     
   56.400000000000006       0.70710714296057720     
   56.500000000000000       0.70711298723088145     
   56.600000000000001       0.70713768251749265     
   56.700000000000003       0.70718024138422331     
   56.800000000000004       0.70723896236279538     
   56.900000000000006       0.70731149833488016     
   57.000000000000000       0.70739495078387615     
   57.100000000000001       0.70748598606256929     
   57.200000000000003       0.70758096894263522     
   57.300000000000004       0.70767610803568215     
   57.400000000000006       0.70776760722776533     
   57.500000000000000       0.70785181706409284     
   57.600000000000001       0.70792538006017558     
   57.700000000000003       0.70798536419297842     
   57.800000000000004       0.70802937932354371     
   57.900000000000006       0.70805567199785124     
   58.000000000000000       0.70806319493456815     
   58.100000000000001       0.70805164850368008     
   58.200000000000003       0.70802149259026803     
   58.300000000000004       0.70797392838484852     
   58.400000000000006       0.70791085080430882     
   58.500000000000000       0.70783477338608392     
   58.600000000000001       0.70774872857140037     
   58.700000000000003       0.70765614726380877     
   58.800000000000004       0.70756072237828682     
   58.900000000000006       0.70746626175229399     
   59.000000000000000       0.70737653624295138     
   59.100000000000001       0.70729512906271785     
   59.200000000000003       0.70722529239389764     
   59.300000000000004       0.70716981706521287     
   59.400000000000006       0.70713092057597005     
   59.500000000000000       0.70711015803160027     
   59.600000000000001       0.70710835963503638     
   59.700000000000003       0.70712559729965874     
   59.800000000000004       0.70716118175670317     
   59.900000000000006       0.70721369027622949     
   60.000000000000000       0.70728102386138747     
   60.100000000000001       0.70736049156743719     
   60.200000000000003       0.70744891849288505     
   60.300000000000004       0.70754277303783464     
   60.400000000000006       0.70763830826319185     
   60.500000000000000       0.70773171164312354     
   60.600000000000001       0.70781925719997596     
   60.700000000000003       0.70789745395301817     
   60.800000000000004       0.70796318479608966     
   60.900000000000006       0.70801383033150134     
   61.000000000000000       0.70804737280722796     
   61.100000000000001       0.70806247610362560     
   61.200000000000003       0.70805853866222968     
   61.300000000000004       0.70803571730615189     
   61.400000000000006       0.70799492103080519     
   61.500000000000000       0.70793777500501665     
   61.600000000000001       0.70786655617554495     
   61.700000000000003       0.70778410297228544     
   61.800000000000004       0.70769370262732867     
   61.900000000000006       0.70759896051084237     
   62.000000000000000       0.70750365661580028     
   62.100000000000001       0.70741159486061600     
   62.200000000000003       0.70732645119900428     
   62.300000000000004       0.70725162661157104     
   62.400000000000006       0.70719011089447892     
   62.500000000000000       0.70714436275768910     
   62.600000000000001       0.70711621111047740     
   62.700000000000003       0.70710678156758500     
   62.800000000000004       0.70711645118928967     
   62.900000000000006       0.70714483331544609     
   63.000000000000000       0.70719079311753952     
   63.100000000000001       0.70725249322881822     
   63.200000000000003       0.70732746757730081     
   63.300000000000004       0.70741272039457581     
   63.400000000000006       0.70750484635518107     
   63.500000000000000       0.70760016695955141     
   63.600000000000001       0.70769487764141448     
   63.700000000000003       0.70778519968078690     
   63.800000000000004       0.70786753084761223     
   63.900000000000006       0.70793858878934834     
   64.000000000000000       0.70799554149886545     
   64.100000000000009       0.70803611973877256     
   64.200000000000003       0.70805870702940432     
   64.299999999999997       0.70806240369945650     
   64.400000000000006       0.70804706251545346     
   64.500000000000000       0.70801329451132400     
   64.600000000000009       0.70796244479270520     
   64.700000000000003       0.70789653925182605     
   64.799999999999997       0.70781820425722286     
   64.900000000000006       0.70773056243853094     
   65.000000000000000       0.70763710863112783     
   65.100000000000009       0.70754157084259273     
   65.200000000000003       0.70744776172019530     
   65.299999999999997       0.70735942640812088     
   65.400000000000006       0.70728009286381244     
   65.500000000000000       0.70721293064195734     
   65.600000000000009       0.70716062384837564     
   65.700000000000003       0.70712526342180881     
   65.799999999999997       0.70710826313769670     
   65.900000000000006       0.70711030277347209     
   66.000000000000000       0.70713130076921360     
   66.100000000000009       0.70717041750824183     
   66.200000000000003       0.70722608908262174     
   66.299999999999997       0.70729609015507555     
   66.400000000000006       0.70737762333724774     
   66.500000000000000       0.70746743142707147     
   66.600000000000009       0.70756192793115302     
   66.700000000000003       0.70765734057886276     
   66.799999999999997       0.70774986204018664     
   66.900000000000006       0.70783580180526506     
   67.000000000000000       0.70791173317473566     
   67.100000000000009       0.70797462954093626     
   67.200000000000003       0.70802198459583776     
   67.299999999999997       0.70805191175961502     
   67.400000000000006       0.70806321895535584     
   67.500000000000000       0.70805545582677853     
   67.600000000000009       0.70802893157060420     
   67.700000000000003       0.70798470269391522     
   67.799999999999997       0.70792453116994025     
   67.900000000000006       0.70785081461201960     
   68.000000000000000       0.70776649117512647     
   68.100000000000009       0.70767492288793765     
   68.200000000000003       0.70757976197869210     
   68.299999999999997       0.70748480545080483     
   68.400000000000006       0.70739384365971769     
   68.500000000000000       0.70731050891662328     
   68.600000000000009       0.70723813018139081     
   68.700000000000003       0.70717959969850697     
   68.799999999999997       0.70713725697927510     
   68.900000000000006       0.70711279485436140     
   69.000000000000000       0.70710719143829559     
   69.100000000000009       0.70712067079696561     
   69.200000000000003       0.70715269393511748     
   69.299999999999997       0.70720198047471361     
   69.400000000000006       0.70726656013230693     
   69.500000000000000       0.70734385188072468     
   69.600000000000009       0.70743076755149803     
   69.700000000000003       0.70752383564856280     
   69.799999999999997       0.70761934034172158     
   69.900000000000006       0.70771347002139418     
   70.000000000000000       0.70780246944473224     
   70.100000000000009       0.70788278939647042     
   70.200000000000003       0.70795122792427134     
   70.299999999999997       0.70800505757650456     
   70.400000000000006       0.70804213365090685     
   70.500000000000000       0.70806097922841915     
   70.600000000000009       0.70806084368640776     
   70.700000000000003       0.70804173242331747     
   70.799999999999997       0.70800440664494779     
   70.900000000000006       0.70795035322053823     
   71.000000000000000       0.70788172577483688     
   71.100000000000009       0.70780125929941462     
   71.200000000000003       0.70771216160301953     
   71.299999999999997       0.70761798583866686     
   71.400000000000006       0.70752248910864357     
   71.500000000000000       0.70742948272625772     
   71.600000000000009       0.70734268007813172     
   71.700000000000003       0.70726554816391707     
   71.799999999999997       0.70720116878004935     
   71.900000000000006       0.70715211495927233     
   72.000000000000000       0.70712034768754239     
   72.100000000000009       0.70710713711502704     
   72.200000000000003       0.70711301148951844     
   72.299999999999997       0.70713773591029305     
   72.400000000000006       0.70718032177639700     
   72.500000000000000       0.70723906654061308     
   72.600000000000009       0.70731162213479615     
   72.700000000000003       0.70739508925963590     
   72.799999999999997       0.70748613368349156     
   72.900000000000006       0.70758111981503624     
   73.000000000000000       0.70767625613845520     
   73.100000000000009       0.70776774665268816     
   73.200000000000003       0.70785194225125292     
   73.299999999999997       0.70792548601918370     
   73.400000000000006       0.70798544670123997     
   73.500000000000000       0.70802943509383864     
   73.600000000000009       0.70805569880862906     
   73.700000000000003       0.70806319171797316     
   73.799999999999997       0.70805161538781991     
   73.900000000000006       0.70802143089415537     
   74.000000000000000       0.70797384056615276     
   74.100000000000009       0.70791074036200929     
   74.200000000000003       0.70783464472169377     
   74.299999999999997       0.70774858681430075     
   74.400000000000006       0.70765599806735768     
   74.500000000000000       0.70756057169484121     
   74.600000000000009       0.70746611559593064     
   74.700000000000003       0.70737640044936900     
   74.799999999999997       0.70729500905589293     
   74.900000000000006       0.70722519296886821     
   75.000000000000000       0.70716974219580431     
   75.100000000000009       0.70713087325526836     
   75.200000000000003       0.70711014015166496     
   75.299999999999997       0.70710837191084241     
   75.400000000000006       0.70712563924032512     
   75.500000000000000       0.70716125168524158     
   75.600000000000009       0.70721378539698110     
   75.700000000000003       0.70728114037237544     
   75.799999999999997       0.70736062481303108     
   75.900000000000006       0.70744906315053036     
   76.000000000000000       0.70754292333125612     
   76.100000000000009       0.70763845819343196     
   76.200000000000003       0.70773185522810977     
   76.299999999999997       0.70781938871303951     
   76.400000000000006       0.70789756815089477     
   76.500000000000000       0.70796327712731910     
   76.600000000000009       0.70801389711716423     
   76.700000000000003       0.70804741138681604     
   76.800000000000011       0.70806248494048329     
   76.900000000000006       0.70805851740439629     
   77.000000000000000       0.70803566680030861     
   77.100000000000009       0.70799484328874129     
   77.200000000000003       0.70793767312394373     
   77.300000000000011       0.70786643421533557     
   77.400000000000006       0.70778396579439395     
   77.500000000000000       0.70769355570168935     
   77.600000000000009       0.70759880969829081     
   77.700000000000003       0.70750350793460404     
   77.800000000000011       0.70741145424635632     
   77.900000000000006       0.70732632426738629     
   78.000000000000000       0.70725151843365441     
   78.100000000000009       0.70719002579344681     
   78.200000000000003       0.70714430413537843     
   78.300000000000011       0.70711618131069409     
   78.400000000000006       0.70710678178191566     
   78.500000000000000       0.70711648140916217     
   78.600000000000009       0.70714489233248623     
   78.700000000000003       0.70719087857214702     
   78.800000000000011       0.70725260170505322     
   78.900000000000006       0.70732759474006457     
   79.000000000000000       0.70741286116359570     
   79.100000000000009       0.70750499510860765     
   79.200000000000003       0.70760031775895393     
   79.300000000000011       0.70769502446907695     
   79.400000000000006       0.70778533667981836     
   79.500000000000000       0.70786765255523831     
   79.600000000000009       0.70793869035420531     
   79.700000000000003       0.70799561887369855     
   79.800000000000011       0.70803616984100959     
   79.900000000000006       0.70805872786333068     
   80.000000000000000       0.70806239443528141     
   80.100000000000009       0.70804702352215643     
   80.200000000000003       0.70801322734204097     
   80.300000000000011       0.70796235212323055     
   80.400000000000006       0.70789642477457371     
   80.500000000000000       0.70781807253479789     
   80.600000000000009       0.70773041872258580     
   80.700000000000003       0.70763695865357468     
   80.800000000000011       0.70754142058742620     
   80.900000000000006       0.70744761718488325     
   81.000000000000000       0.70735929336408454     
   81.100000000000009       0.70727997662557973     
   81.200000000000003       0.70721283585428585     
   81.300000000000011       0.70716055429993618     
   81.400000000000006       0.70712522189307192     
   81.500000000000000       0.70710825128918431     
   81.600000000000009       0.70711032107897709     
   81.700000000000003       0.70713134849674752     
   81.800000000000011       0.70717049274947730     
   81.900000000000006       0.70722618882962207     
   82.000000000000000       0.70729621042116020     
   82.100000000000009       0.70737775931703639     
   82.200000000000003       0.70746757768918633     
   82.300000000000011       0.70756207863569809     
   82.400000000000006       0.70765748971095599     
   82.500000000000000       0.70775000365006946     
   82.600000000000009       0.70783593024548142     
   82.700000000000003       0.70791184332487378     
   82.800000000000011       0.70797471701113501     
   82.900000000000006       0.70802204590102247     
   83.000000000000000       0.70805194445768971     
   83.100000000000009       0.70806322174395020     
   83.200000000000003       0.70805542859483028     
   83.300000000000011       0.70802887540274650     
   83.400000000000006       0.70798461982753502     
   83.500000000000000       0.70792442490654484     
   83.600000000000009       0.70785068918634597     
   83.700000000000003       0.70776635158709811     
   83.800000000000011       0.70767477470399642     
   83.900000000000006       0.70757961111033396     
   84.000000000000000       0.70748465791900816     
   84.100000000000009       0.70739370535463941     
   84.200000000000003       0.70731038536215762     
   84.300000000000011       0.70723802631401389     
   84.400000000000006       0.70717951966937065     
   84.500000000000000       0.70713720398759949     
   84.600000000000009       0.70711277101890557     
   84.700000000000003       0.70710719771216402     
   84.800000000000011       0.70712070692928208     
   84.900000000000006       0.70715275848111048     
   85.000000000000000       0.70720207085381936     
   85.100000000000009       0.70726667273189625     
   85.200000000000003       0.70734398220118311     
   85.300000000000011       0.70743091038675721     
   85.400000000000006       0.70752398529468408     
   85.500000000000000       0.70761949082511288     
   85.600000000000009       0.70771361533743660     
   85.700000000000003       0.70780260379727689     
   85.800000000000011       0.70788290742865889     
   85.900000000000006       0.70795132493154700     
   86.000000000000000       0.70800512969342766     
   86.100000000000009       0.70804217800449298     
   86.200000000000003       0.70806099405199119     
   86.300000000000011       0.70806082838955631     
   86.400000000000006       0.70804168761529607     
   86.500000000000000       0.70800433411055097     
   86.600000000000009       0.70795025584938231     
   86.700000000000003       0.70788160744688067     
   86.800000000000011       0.70780112473101664     
   86.900000000000006       0.70771201615969093     
   87.000000000000000       0.70761783532165501     
   87.100000000000009       0.70752233952395061     
   87.200000000000003       0.70742934004505920     
   87.300000000000011       0.70734254999825585     
   87.400000000000006       0.70726543588184820     
   87.500000000000000       0.70720107878273086     
   87.600000000000009       0.70715205084407817     
   87.700000000000003       0.70712031201783299     
   87.800000000000011       0.70710713131706660     
   87.900000000000006       0.70711303579516716     
   88.000000000000000       0.70713778934762883     
   88.100000000000009       0.70718040220886613     
   88.200000000000003       0.70723917075286880     
   88.300000000000011       0.70731174596192303     
   88.400000000000006       0.70739522775428665     
   88.500000000000000       0.70748628131424518     
   88.600000000000009       0.70758127068780974     
   88.700000000000003       0.70767640423213507     
   88.800000000000011       0.70776788605941743     
   88.900000000000006       0.70785206741185136     
   89.000000000000000       0.70792559194431670     
   89.100000000000009       0.70798552916967494     
   89.200000000000003       0.70802949081993138     
   89.300000000000011       0.70805572557259688     
   89.400000000000006       0.70806318845381711     
   89.500000000000000       0.70805158222555098     
   89.600000000000009       0.70802136915462843     
   89.700000000000003       0.70797375270878116     
   89.800000000000011       0.70791062988729980     
   89.900000000000006       0.70783451603246494     
   90.000000000000000       0.70774844504091416     
   90.100000000000009       0.70765584886383215     
   90.200000000000003       0.70756042101381256     
   90.300000000000011       0.70746596945139040     
   90.400000000000006       0.70737626467654591     
   90.500000000000000       0.70729488907793081     
   90.600000000000009       0.70722509357966112     
   90.700000000000003       0.70716966736774722     
   90.800000000000011       0.70713082597978860     
   90.900000000000006       0.70711012231902381     
   91.000000000000000       0.70710838423411859     
   91.100000000000009       0.70712568122674047     
   91.200000000000003       0.70716132165597612     
   91.300000000000011       0.70721388055469192     
   91.400000000000006       0.70728125691361143     
   91.500000000000000       0.70736075808095633     
   91.600000000000009       0.70744920782169662     
   91.700000000000003       0.70754307362885671     
   91.800000000000011       0.70763860811833901     
   91.900000000000006       0.70773199879847415     
   92.000000000000000       0.70781952020278482     
   92.100000000000009       0.70789768231766736     
   92.200000000000003       0.70796336942092286     
   92.300000000000011       0.70801396386016835     
   92.400000000000006       0.70804744992041579     
   92.500000000000000       0.70806249372985508     
   92.600000000000009       0.70805849609947358     
   92.700000000000003       0.70803561624964484     
   92.800000000000011       0.70799476550591334     
   92.900000000000006       0.70793757120778700     
   93.000000000000000       0.70786631222712160     
   93.100000000000009       0.70778382859669986     
   93.200000000000003       0.70769340876523801     
   93.300000000000011       0.70759865888435425     
   93.400000000000006       0.70750335926150876     
   93.500000000000000       0.70741131364936782     
   93.600000000000009       0.70732619736151181     
   93.700000000000003       0.70725141028893845     
   93.800000000000011       0.70718994073175556     
   93.900000000000006       0.70714424555695310     
   94.000000000000000       0.70711615155760710     
   94.100000000000009       0.70710678204387833     
   94.200000000000003       0.70711651167570155     
   94.300000000000011       0.70714495139335254     
   94.400000000000006       0.70719096406600579     
   94.500000000000000       0.70725271021437419     
   94.600000000000009       0.70732772192844995     
   94.700000000000003       0.70741300194974355     
   94.800000000000011       0.70750514386999042     
   94.900000000000006       0.70760046855681291     
   95.000000000000000       0.70769517128578097     
   95.100000000000009       0.70778547365890809     
   95.200000000000003       0.70786777423473957     
   95.300000000000011       0.70793879188387832     
   95.400000000000006       0.70799569620769254     
   95.500000000000000       0.70803621989837473     
   95.600000000000009       0.70805874865014862     
   95.700000000000003       0.70806238512363284     
   95.800000000000011       0.70804698448290981     
   95.900000000000006       0.70801316013016180     
   96.000000000000000       0.70796225941621604     
   96.100000000000009       0.70789631026633737     
   96.200000000000003       0.70781794078917903     
   96.300000000000011       0.70773027499215668     
   96.400000000000006       0.70763680867083900     
   96.500000000000000       0.70754127033658765     
   96.600000000000009       0.70744747266324082     
   96.700000000000003       0.70735916034251078     
   96.800000000000011       0.70727986041771262     
   96.900000000000006       0.70721274110366272     
   97.000000000000000       0.70716048479376203     
   97.100000000000009       0.70712518041012795     
   97.200000000000003       0.70710823948815416     
   97.300000000000011       0.70711033943176049     
   97.400000000000006       0.70713139626946342     
   97.500000000000000       0.70717056803199296     
   97.600000000000009       0.70722628861234516     
   97.700000000000003       0.70729633071599152     
   97.800000000000011       0.70737789531744899     
   97.900000000000006       0.70746772396297408     
   98.000000000000000       0.70756222934251034     
   98.100000000000009       0.70765763883581767     
   98.200000000000003       0.70775014524352475     
   98.300000000000011       0.70783605866072785     
   98.400000000000006       0.70791195344249314     
   98.500000000000000       0.70797480444256689     
   98.600000000000009       0.70802210716273772     
   98.700000000000003       0.70805197710932688     
   98.800000000000011       0.70806322448498571     
   98.900000000000006       0.70805540131609834     
   99.000000000000000       0.70802881919074412     
   99.100000000000009       0.70798453692140906     
   99.200000000000003       0.70792431860938254     
   99.300000000000011       0.70785056373423805     
   99.400000000000006       0.70776621198101164     
   99.500000000000000       0.70767462651111235     
   99.600000000000009       0.70757946024249851     
   99.700000000000003       0.70748451039719140     
   99.800000000000011       0.70739356706860290     
   99.900000000000006       0.70731026183503365     
   100.00000000000000       0.70723792248117434     
