   0.0000000000000000        3.7719435932418062E-022
   1.0000000000000000E-003   1.5915490332101076E-011
   2.0000000000000000E-003   4.7746455080349008E-011
   3.0000000000000001E-003   9.5492862388483160E-011
   4.0000000000000001E-003   1.5915466452021478E-010
   5.0000000000000001E-003   2.3873179779362829E-010
   6.0000000000000001E-003   3.3422418261894700E-010
   7.0000000000000001E-003   4.4563172347810510E-010
   8.0000000000000002E-003   5.7295430895102553E-010
   9.0000000000000011E-003   7.1619181168768769E-010
   1.0000000000000000E-002   8.7534408840755182E-010
   1.0999999999999999E-002   1.0504109799480449E-009
   1.2000000000000000E-002   1.2413923111966923E-009
   1.3000000000000001E-002   1.4482878911279899E-009
   1.4000000000000000E-002   1.6710975128143497E-009
   1.4999999999999999E-002   1.9098209534010724E-009
   1.6000000000000000E-002   2.1644579741113238E-009
   1.7000000000000001E-002   2.4350083202629696E-009
   1.8000000000000002E-002   2.7214717212414239E-009
   1.9000000000000000E-002   3.0238478905437943E-009
   2.0000000000000000E-002   3.3421365257176639E-009
   2.1000000000000001E-002   3.6763373084144875E-009
   2.1999999999999999E-002   4.0264499043712941E-009
   2.3000000000000000E-002   4.3924739634016149E-009
   2.4000000000000000E-002   4.7744091194116625E-009
   2.5000000000000001E-002   5.1722549903833836E-009
   2.6000000000000002E-002   5.5860111783885613E-009
   2.7000000000000000E-002   6.0156772696045110E-009
   2.8000000000000001E-002   6.4612528342687712E-009
   2.9000000000000001E-002   6.9227374267139443E-009
   2.9999999999999999E-002   7.4001305853662340E-009
   3.1000000000000000E-002   7.8934318327438902E-009
   3.2000000000000001E-002   8.4026406754360202E-009
   3.3000000000000002E-002   8.9277566041381571E-009
   3.4000000000000002E-002   9.4687790936232227E-009
   3.5000000000000003E-002   1.0025707602770194E-008
   3.6000000000000004E-002   1.0598541574533750E-008
   3.6999999999999998E-002   1.1187280435954480E-008
   3.7999999999999999E-002   1.1791923598197143E-008
   3.9000000000000000E-002   1.2412470456486195E-008
   4.0000000000000001E-002   1.3048920390155308E-008
   4.1000000000000002E-002   1.3701272762626258E-008
   4.2000000000000003E-002   1.4369526921391908E-008
   4.3000000000000003E-002   1.5053682198105576E-008
   4.3999999999999997E-002   1.5753737908450633E-008
   4.4999999999999998E-002   1.6469693352235547E-008
   4.5999999999999999E-002   1.7201547813365474E-008
   4.7000000000000000E-002   1.7949300559833232E-008
   4.8000000000000001E-002   1.8712950843747049E-008
   4.9000000000000002E-002   1.9492497901283379E-008
   5.0000000000000003E-002   2.0287940952762290E-008
   5.1000000000000004E-002   2.1099279202568520E-008
   5.2000000000000005E-002   2.1926511839205557E-008
   5.2999999999999999E-002   2.2769638035274821E-008
   5.3999999999999999E-002   2.3628656947484499E-008
   5.5000000000000000E-002   2.4503567716640176E-008
   5.6000000000000001E-002   2.5394369467656443E-008
   5.7000000000000002E-002   2.6301061309548761E-008
   5.8000000000000003E-002   2.7223642335451660E-008
   5.9000000000000004E-002   2.8162111622597158E-008
   5.9999999999999998E-002   2.9116468232326789E-008
   6.0999999999999999E-002   3.0086711210095942E-008
   6.2000000000000000E-002   3.1072839585469122E-008
   6.3000000000000000E-002   3.2074852372112704E-008
   6.4000000000000001E-002   3.3092748567819061E-008
   6.5000000000000002E-002   3.4126527154485869E-008
   6.6000000000000003E-002   3.5176187098130243E-008
   6.7000000000000004E-002   3.6241727348884484E-008
   6.8000000000000005E-002   3.7323146840986452E-008
   6.9000000000000006E-002   3.8420444492813978E-008
   7.0000000000000007E-002   3.9533619206834536E-008
   7.1000000000000008E-002   4.0662669869660448E-008
   7.2000000000000008E-002   4.1807595352011639E-008
   7.2999999999999995E-002   4.2968394508743027E-008
   7.3999999999999996E-002   4.4145066178807421E-008
   7.4999999999999997E-002   4.5337609185307042E-008
   7.5999999999999998E-002   4.6546022335455242E-008
   7.6999999999999999E-002   4.7770304420607003E-008
   7.8000000000000000E-002   4.9010454216227963E-008
   7.9000000000000001E-002   5.0266470481923934E-008
   8.0000000000000002E-002   5.1538351961416770E-008
   8.1000000000000003E-002   5.2826097382595035E-008
   8.2000000000000003E-002   5.4129705457424219E-008
   8.3000000000000004E-002   5.5449174882053814E-008
   8.4000000000000005E-002   5.6784504336752648E-008
   8.5000000000000006E-002   5.8135692485919177E-008
   8.6000000000000007E-002   5.9502737978088140E-008
   8.7000000000000008E-002   6.0885639445951274E-008
   8.7999999999999995E-002   6.2284395506330680E-008
   8.8999999999999996E-002   6.3699004760175060E-008
   8.9999999999999997E-002   6.5129465792623488E-008
   9.0999999999999998E-002   6.6575777172890501E-008
   9.1999999999999998E-002   6.8037937454405859E-008
   9.2999999999999999E-002   6.9515945174701191E-008
   9.4000000000000000E-002   7.1009798855474749E-008
   9.5000000000000001E-002   7.2519497002577791E-008
   9.6000000000000002E-002   7.4045038106004510E-008
   9.7000000000000003E-002   7.5586420639923493E-008
   9.8000000000000004E-002   7.7143643062625045E-008
   9.9000000000000005E-002   7.8716703816588860E-008
  0.10000000000000001        8.0305601328432088E-008
  0.10100000000000001        8.1910334008939683E-008
  0.10200000000000001        8.3530900253052327E-008
  0.10300000000000001        8.5167298439896853E-008
  0.10400000000000001        8.6819526932739401E-008
  0.10500000000000000        8.8487584079016095E-008
  0.10600000000000000        9.0171468210334372E-008
  0.10700000000000000        9.1871177642489521E-008
  0.10800000000000000        9.3586710675420429E-008
  0.10900000000000000        9.5318065593247415E-008
  0.11000000000000000        9.7065240664269641E-008
  0.11100000000000000        9.8828234140974676E-008
  0.11200000000000000        1.0060704426000780E-007
  0.11300000000000000        1.0240166924220278E-007
  0.11400000000000000        1.0421210729256907E-007
  0.11500000000000000        1.0603835660032601E-007
  0.11600000000000001        1.0788041533884488E-007
  0.11700000000000001        1.0973828166569235E-007
  0.11800000000000001        1.1161195372264348E-007
  0.11900000000000001        1.1350142963565190E-007
  0.12000000000000000        1.1540670751485966E-007
  0.12100000000000000        1.1732778545459064E-007
  0.12200000000000000        1.1926466153341089E-007
  0.12300000000000000        1.2121733381404714E-007
  0.12400000000000000        1.2318580034343233E-007
  0.12500000000000000        1.2517005915270662E-007
  0.12600000000000000        1.2717010825721793E-007
  0.12700000000000000        1.2918594565651286E-007
  0.12800000000000000        1.3121756933435011E-007
  0.12900000000000000        1.3326497725871125E-007
  0.13000000000000000        1.3532816738176892E-007
  0.13100000000000001        1.3740713763991166E-007
  0.13200000000000001        1.3950188595377348E-007
  0.13300000000000001        1.4161241022817349E-007
  0.13400000000000001        1.4373870835217043E-007
  0.13500000000000001        1.4588077819903937E-007
  0.13600000000000001        1.4803861762628219E-007
  0.13700000000000001        1.5021222447562985E-007
  0.13800000000000001        1.5240159657303312E-007
  0.13900000000000001        1.5460673172868935E-007
  0.14000000000000001        1.5682762773702402E-007
  0.14100000000000001        1.5906428237669097E-007
  0.14200000000000002        1.6131669341058745E-007
  0.14300000000000002        1.6358485858585561E-007
  0.14400000000000002        1.6586877563388221E-007
  0.14499999999999999        1.6816844227028323E-007
  0.14599999999999999        1.7048385619493800E-007
  0.14699999999999999        1.7281501509196920E-007
  0.14799999999999999        1.7516191662974669E-007
  0.14899999999999999        1.7752455846089798E-007
  0.14999999999999999        1.7990293822232096E-007
  0.15100000000000000        1.8229705353514905E-007
  0.15200000000000000        1.8470690200478929E-007
  0.15300000000000000        1.8713248122092502E-007
  0.15400000000000000        1.8957378875746432E-007
  0.15500000000000000        1.9203082217264148E-007
  0.15600000000000000        1.9450357900890667E-007
  0.15700000000000000        1.9699205679303225E-007
  0.15800000000000000        1.9949625303602669E-007
  0.15900000000000000        2.0201616523318734E-007
  0.16000000000000000        2.0455179086411545E-007
  0.16100000000000000        2.0710312739267223E-007
  0.16200000000000001        2.0967017226700383E-007
  0.16300000000000001        2.1225292291955191E-007
  0.16400000000000001        2.1485137676705870E-007
  0.16500000000000001        2.1746553121055136E-007
  0.16600000000000001        2.2009538363533943E-007
  0.16700000000000001        2.2274093141104845E-007
  0.16800000000000001        2.2540217189161304E-007
  0.16900000000000001        2.2807910241525717E-007
  0.17000000000000001        2.3077172030450306E-007
  0.17100000000000001        2.3348002286619558E-007
  0.17200000000000001        2.3620400739150984E-007
  0.17300000000000001        2.3894367115589448E-007
  0.17400000000000002        2.4169901141914871E-007
  0.17500000000000002        2.4447002542538021E-007
  0.17599999999999999        2.4725671040301281E-007
  0.17699999999999999        2.5005906356481554E-007
  0.17799999999999999        2.5287708210787396E-007
  0.17899999999999999        2.5571076321359224E-007
  0.17999999999999999        2.5856010404774043E-007
  0.18099999999999999        2.6142510176039852E-007
  0.18200000000000000        2.6430575348599030E-007
  0.18300000000000000        2.6720205634329399E-007
  0.18400000000000000        2.7011400743543714E-007
  0.18500000000000000        2.7304160384987666E-007
  0.18600000000000000        2.7598484265842068E-007
  0.18700000000000000        2.7894372091726508E-007
  0.18800000000000000        2.8191823566691375E-007
  0.18900000000000000        2.8490838393228293E-007
  0.19000000000000000        2.8791416272259729E-007
  0.19100000000000000        2.9093556903150921E-007
  0.19200000000000000        2.9397259983698135E-007
  0.19300000000000000        2.9702525210138740E-007
  0.19400000000000001        3.0009352277146247E-007
  0.19500000000000001        3.0317740877831990E-007
  0.19600000000000001        3.0627690703746714E-007
  0.19700000000000001        3.0939201444876800E-007
  0.19800000000000001        3.1252272789651051E-007
  0.19900000000000001        3.1566904424934283E-007
  0.20000000000000001        3.1883096036032410E-007
  0.20100000000000001        3.2200847306691463E-007
  0.20200000000000001        3.2520157919094514E-007
  0.20300000000000001        3.2841027553868633E-007
  0.20400000000000001        3.3163455890079760E-007
  0.20500000000000002        3.3487442605234123E-007
  0.20600000000000002        3.3812987375281285E-007
  0.20700000000000002        3.4140089874612358E-007
  0.20800000000000002        3.4468749776057780E-007
  0.20899999999999999        3.4798966750890670E-007
  0.20999999999999999        3.5130740468830992E-007
  0.21099999999999999        3.5464070598037025E-007
  0.21199999999999999        3.5798956805111835E-007
  0.21299999999999999        3.6135398755103130E-007
  0.21400000000000000        3.6473396111501186E-007
  0.21500000000000000        3.6812948536240547E-007
  0.21600000000000000        3.7154055689702219E-007
  0.21700000000000000        3.7496717230708416E-007
  0.21800000000000000        3.7840932816532316E-007
  0.21900000000000000        3.8186702102887526E-007
  0.22000000000000000        3.8534024743935067E-007
  0.22100000000000000        3.8882900392284685E-007
  0.22200000000000000        3.9233328698989016E-007
  0.22300000000000000        3.9585309313550228E-007
  0.22400000000000000        3.9938841883918673E-007
  0.22500000000000001        4.0293926056489236E-007
  0.22600000000000001        4.0650561476107464E-007
  0.22700000000000001        4.1008747786067462E-007
  0.22800000000000001        4.1368484628109639E-007
  0.22900000000000001        4.1729771642426868E-007
  0.23000000000000001        4.2092608467658443E-007
  0.23100000000000001        4.2456994740895181E-007
  0.23200000000000001        4.2822930097678687E-007
  0.23300000000000001        4.3190414172000239E-007
  0.23400000000000001        4.3559446596302643E-007
  0.23500000000000001        4.3930027001477405E-007
  0.23600000000000002        4.4302155016872591E-007
  0.23700000000000002        4.4675830270285533E-007
  0.23800000000000002        4.5051052387964776E-007
  0.23900000000000002        4.5427820994613536E-007
  0.23999999999999999        4.5806135713388786E-007
  0.24099999999999999        4.6185996165900015E-007
  0.24199999999999999        4.6567401972209864E-007
  0.24299999999999999        4.6950352750836366E-007
  0.24399999999999999        4.7334848118753302E-007
  0.24500000000000000        4.7720887691387133E-007
  0.24600000000000000        4.8108471082621897E-007
  0.24700000000000000        4.8497597904796167E-007
  0.24800000000000000        4.8888267768705409E-007
  0.24900000000000000        4.9280480283601783E-007
  0.25000000000000000        4.9674235057194252E-007
  0.25100000000000000        5.0069531695648515E-007
  0.25200000000000000        5.0466369803590111E-007
  0.25300000000000000        5.0864748984101551E-007
  0.25400000000000000        5.1264668838723385E-007
  0.25500000000000000        5.1666128967456321E-007
  0.25600000000000001        5.2069128968758884E-007
  0.25700000000000001        5.2473668439550257E-007
  0.25800000000000001        5.2879746975212021E-007
  0.25900000000000001        5.3287364169583281E-007
  0.26000000000000001        5.3696519614965088E-007
  0.26100000000000001        5.4107212902121310E-007
  0.26200000000000001        5.4519443620273408E-007
  0.26300000000000001        5.4933211357111959E-007
  0.26400000000000001        5.5348515698784743E-007
  0.26500000000000001        5.5765356229904654E-007
  0.26600000000000001        5.6183732533547157E-007
  0.26700000000000002        5.6603644191252766E-007
  0.26800000000000002        5.7025090783025997E-007
  0.26900000000000002        5.7448071887335958E-007
  0.27000000000000002        5.7872587081117274E-007
  0.27100000000000002        5.8298635939768349E-007
  0.27200000000000002        5.8726218037156826E-007
  0.27300000000000002        5.9155332945613707E-007
  0.27400000000000002        5.9585980235940165E-007
  0.27500000000000002        6.0018159477399936E-007
  0.27600000000000002        6.0451870237729618E-007
  0.27700000000000002        6.0887112083131727E-007
  0.27800000000000002        6.1323884578276262E-007
  0.27900000000000003        6.1762187286303463E-007
  0.28000000000000003        6.2202019768823866E-007
  0.28100000000000003        6.2643381585915759E-007
  0.28200000000000003        6.3086272296129965E-007
  0.28300000000000003        6.3530691456486824E-007
  0.28400000000000003        6.3976638622478892E-007
  0.28500000000000003        6.4424113348069769E-007
  0.28600000000000003        6.4873115185693524E-007
  0.28700000000000003        6.5323643686259504E-007
  0.28800000000000003        6.5775698399150860E-007
  0.28899999999999998        6.6229278872219849E-007
  0.28999999999999998        6.6684384651797138E-007
  0.29099999999999998        6.7141015282684489E-007
  0.29199999999999998        6.7599170308160828E-007
  0.29299999999999998        6.8058849269979857E-007
  0.29399999999999998        6.8520051708369203E-007
  0.29499999999999998        6.8982777162035665E-007
  0.29599999999999999        6.9447025168161287E-007
  0.29699999999999999        6.9912795262403191E-007
  0.29799999999999999        7.0380086978901248E-007
  0.29899999999999999        7.0848899850266501E-007
  0.29999999999999999        7.1319233407596175E-007
  0.30099999999999999        7.1791087180458748E-007
  0.30199999999999999        7.2264460696911506E-007
  0.30299999999999999        7.2739353483479275E-007
  0.30399999999999999        7.3215765065180928E-007
  0.30499999999999999        7.3693694965503798E-007
  0.30599999999999999        7.4173142706428154E-007
  0.30700000000000000        7.4654107808403859E-007
  0.30800000000000000        7.5136589790376730E-007
  0.30900000000000000        7.5620588169761041E-007
  0.31000000000000000        7.6106102462469121E-007
  0.31100000000000000        7.6593132182883037E-007
  0.31200000000000000        7.7081676843879583E-007
  0.31300000000000000        7.7571735956813762E-007
  0.31400000000000000        7.8063309031532184E-007
  0.31500000000000000        7.8556395576358152E-007
  0.31600000000000000        7.9050995098111623E-007
  0.31700000000000000        7.9547107102090735E-007
  0.31800000000000000        8.0044731092086223E-007
  0.31900000000000001        8.0543866570373490E-007
  0.32000000000000001        8.1044513037717861E-007
  0.32100000000000001        8.1546669993372367E-007
  0.32200000000000001        8.2050336935079887E-007
  0.32300000000000001        8.2555513359071958E-007
  0.32400000000000001        8.3062198760071965E-007
  0.32500000000000001        8.3570392631292505E-007
  0.32600000000000001        8.4080094464438804E-007
  0.32700000000000001        8.4591303749707026E-007
  0.32800000000000001        8.5104019975785701E-007
  0.32900000000000001        8.5618242629854782E-007
  0.33000000000000002        8.6133971197589881E-007
  0.33100000000000002        8.6651205163159983E-007
  0.33200000000000002        8.7169944009224447E-007
  0.33300000000000002        8.7690187216945300E-007
  0.33400000000000002        8.8211934265971898E-007
  0.33500000000000002        8.8735184634454102E-007
  0.33600000000000002        8.9259937799036628E-007
  0.33700000000000002        8.9786193234861959E-007
  0.33800000000000002        9.0313950415567791E-007
  0.33900000000000002        9.0843208813292943E-007
  0.34000000000000002        9.1373967898673533E-007
  0.34100000000000003        9.1906227140842876E-007
  0.34200000000000003        9.2439986007435839E-007
  0.34300000000000003        9.2975243964587208E-007
  0.34400000000000003        9.3512000476930919E-007
  0.34500000000000003        9.4050255007604352E-007
  0.34600000000000003        9.4590007018243719E-007
  0.34700000000000003        9.5131255968990953E-007
  0.34800000000000003        9.5674001318487561E-007
  0.34900000000000003        9.6218242523880841E-007
  0.35000000000000003        9.6763979040818643E-007
  0.35100000000000003        9.7311210323457901E-007
  0.35199999999999998        9.7859935824455561E-007
  0.35299999999999998        9.8410154994978634E-007
  0.35399999999999998        9.8961867284695078E-007
  0.35499999999999998        9.9515072141784483E-007
  0.35599999999999998        1.0006976901293094E-006
  0.35699999999999998        1.0062595734332669E-006
  0.35799999999999998        1.0118363657667093E-006
  0.35899999999999999        1.0174280615517431E-006
  0.35999999999999999        1.0230346551955482E-006
  0.36099999999999999        1.0286561410904098E-006
  0.36199999999999999        1.0342925136137250E-006
  0.36299999999999999        1.0399437671279715E-006
  0.36399999999999999        1.0456098959808006E-006
  0.36499999999999999        1.0512908945049176E-006
  0.36599999999999999        1.0569867570182061E-006
  0.36699999999999999        1.0626974778236608E-006
  0.36799999999999999        1.0684230512094133E-006
  0.36899999999999999        1.0741634714487476E-006
  0.37000000000000000        1.0799187328000955E-006
  0.37100000000000000        1.0856888295070507E-006
  0.37200000000000000        1.0914737557983648E-006
  0.37300000000000000        1.0972735058879277E-006
  0.37400000000000000        1.1030880739748633E-006
  0.37500000000000000        1.1089174542434179E-006
  0.37600000000000000        1.1147616408630570E-006
  0.37700000000000000        1.1206206279884221E-006
  0.37800000000000000        1.1264944097593501E-006
  0.37900000000000000        1.1323829803008937E-006
  0.38000000000000000        1.1382863337232876E-006
  0.38100000000000001        1.1442044641220160E-006
  0.38200000000000001        1.1501373655777558E-006
  0.38300000000000001        1.1560850321564236E-006
  0.38400000000000001        1.1620474579091556E-006
  0.38500000000000001        1.1680246368723396E-006
  0.38600000000000001        1.1740165630676059E-006
  0.38700000000000001        1.1800232305018193E-006
  0.38800000000000001        1.1860446331671166E-006
  0.38900000000000001        1.1920807650408869E-006
  0.39000000000000001        1.1981316200857889E-006
  0.39100000000000001        1.2041971922497661E-006
  0.39200000000000002        1.2102774754660291E-006
  0.39300000000000002        1.2163724636530832E-006
  0.39400000000000002        1.2224821507147124E-006
  0.39500000000000002        1.2286065305400051E-006
  0.39600000000000002        1.2347455970033777E-006
  0.39700000000000002        1.2408993439645114E-006
  0.39800000000000002        1.2470677652684361E-006
  0.39900000000000002        1.2532508547455067E-006
  0.40000000000000002        1.2594486062113812E-006
  0.40100000000000002        1.2656610134670846E-006
  0.40200000000000002        1.2718880702989615E-006
  0.40300000000000002        1.2781297704786982E-006
  0.40400000000000003        1.2843861077633620E-006
  0.40500000000000003        1.2906570758953596E-006
  0.40600000000000003        1.2969426686024539E-006
  0.40700000000000003        1.3032428795978160E-006
  0.40800000000000003        1.3095577025799738E-006
  0.40900000000000003        1.3158871312328174E-006
  0.41000000000000003        1.3222311592256757E-006
  0.41100000000000003        1.3285897802132499E-006
  0.41200000000000003        1.3349629878356357E-006
  0.41300000000000003        1.3413507757183644E-006
  0.41400000000000003        1.3477531374723593E-006
  0.41500000000000004        1.3541700666939778E-006
  0.41600000000000004        1.3606015569650198E-006
  0.41699999999999998        1.3670476018526970E-006
  0.41799999999999998        1.3735081949096828E-006
  0.41899999999999998        1.3799833296740713E-006
  0.41999999999999998        1.3864729996694707E-006
  0.42099999999999999        1.3929771984048804E-006
  0.42199999999999999        1.3994959193748138E-006
  0.42299999999999999        1.4060291560592426E-006
  0.42399999999999999        1.4125769019236185E-006
  0.42499999999999999        1.4191391504189093E-006
  0.42599999999999999        1.4257158949815172E-006
  0.42699999999999999        1.4323071290334131E-006
  0.42799999999999999        1.4389128459820409E-006
  0.42899999999999999        1.4455330392203451E-006
  0.42999999999999999        1.4521677021268178E-006
  0.43099999999999999        1.4588168280654875E-006
  0.43200000000000000        1.4654804103858448E-006
  0.43300000000000000        1.4721584424230496E-006
  0.43400000000000000        1.4788509174976662E-006
  0.43500000000000000        1.4855578289159350E-006
  0.43600000000000000        1.4922791699695427E-006
  0.43700000000000000        1.4990149339358797E-006
  0.43800000000000000        1.5057651140777580E-006
  0.43900000000000000        1.5125297036437171E-006
  0.44000000000000000        1.5193086958677511E-006
  0.44100000000000000        1.5261020839695666E-006
  0.44200000000000000        1.5329098611543621E-006
  0.44300000000000000        1.5397320206130667E-006
  0.44400000000000001        1.5465685555220843E-006
  0.44500000000000001        1.5534194590435781E-006
  0.44600000000000001        1.5602847243252009E-006
  0.44700000000000001        1.5671643445004093E-006
  0.44800000000000001        1.5740583126881133E-006
  0.44900000000000001        1.5809666219930309E-006
  0.45000000000000001        1.5878892655054326E-006
  0.45100000000000001        1.5948262363013041E-006
  0.45200000000000001        1.6017775274422894E-006
  0.45300000000000001        1.6087431319757187E-006
  0.45400000000000001        1.6157230429345539E-006
  0.45500000000000002        1.6227172533375443E-006
  0.45600000000000002        1.6297257561890333E-006
  0.45700000000000002        1.6367485444791416E-006
  0.45800000000000002        1.6437856111836590E-006
  0.45900000000000002        1.6508369492641303E-006
  0.46000000000000002        1.6579025516677998E-006
  0.46100000000000002        1.6649824113276408E-006
  0.46200000000000002        1.6720765211624053E-006
  0.46300000000000002        1.6791848740765192E-006
  0.46400000000000002        1.6863074629602645E-006
  0.46500000000000002        1.6934442806895577E-006
  0.46600000000000003        1.7005953201262518E-006
  0.46700000000000003        1.7077605741177584E-006
  0.46800000000000003        1.7149400354974880E-006
  0.46900000000000003        1.7221336970844900E-006
  0.47000000000000003        1.7293415516836830E-006
  0.47100000000000003        1.7365635920857755E-006
  0.47200000000000003        1.7437998110672838E-006
  0.47300000000000003        1.7510502013905113E-006
  0.47400000000000003        1.7583147558036615E-006
  0.47500000000000003        1.7655934670406817E-006
  0.47600000000000003        1.7728863278214496E-006
  0.47700000000000004        1.7801933308516064E-006
  0.47800000000000004        1.7875144688227129E-006
  0.47900000000000004        1.7948497344121613E-006
  0.47999999999999998        1.8021991202832119E-006
  0.48099999999999998        1.8095626190850184E-006
  0.48199999999999998        1.8169402234526049E-006
  0.48299999999999998        1.8243319260068909E-006
  0.48399999999999999        1.8317377193546983E-006
  0.48499999999999999        1.8391575960887420E-006
  0.48599999999999999        1.8465915487876812E-006
  0.48699999999999999        1.8540395700160527E-006
  0.48799999999999999        1.8615016523243591E-006
  0.48899999999999999        1.8689777882490174E-006
  0.48999999999999999        1.8764679703124190E-006
  0.49099999999999999        1.8839721910228588E-006
  0.49199999999999999        1.8914904428746217E-006
  0.49299999999999999        1.8990227183479571E-006
  0.49399999999999999        1.9065690099090874E-006
  0.49500000000000000        1.9141293100102002E-006
  0.49600000000000000        1.9217036110894736E-006
  0.49700000000000000        1.9292919055711260E-006
  0.49800000000000000        1.9368941858653204E-006
  0.49900000000000000        1.9445104443682437E-006
  0.50000000000000000        1.9521406734621479E-006
  0.50100000000000000        1.9597848655152568E-006
  0.50200000000000000        1.9674430128818432E-006
  0.50300000000000000        1.9751151079022559E-006
  0.50400000000000000        1.9828011429028262E-006
  0.50500000000000000        1.9905011101960232E-006
  0.50600000000000001        1.9982150020802976E-006
  0.50700000000000001        2.0059428108402522E-006
  0.50800000000000001        2.0136845287465245E-006
  0.50900000000000001        2.0214401480558133E-006
  0.51000000000000001        2.0292096610110010E-006
  0.51100000000000001        2.0369930598409788E-006
  0.51200000000000001        2.0447903367608249E-006
  0.51300000000000001        2.0526014839716730E-006
  0.51400000000000001        2.0604264936608179E-006
  0.51500000000000001        2.0682653580017098E-006
  0.51600000000000001        2.0761180691538903E-006
  0.51700000000000002        2.0839846192630928E-006
  0.51800000000000002        2.0918650004611729E-006
  0.51900000000000002        2.0997592048661996E-006
  0.52000000000000002        2.1076672245823795E-006
  0.52100000000000002        2.1155890517001137E-006
  0.52200000000000002        2.1235246782959737E-006
  0.52300000000000002        2.1314740964327702E-006
  0.52400000000000002        2.1394372981594779E-006
  0.52500000000000002        2.1474142755113099E-006
  0.52600000000000002        2.1554050205096874E-006
  0.52700000000000002        2.1634095251622695E-006
  0.52800000000000002        2.1714277814629805E-006
  0.52900000000000003        2.1794597813918808E-006
  0.53000000000000003        2.1875055169154630E-006
  0.53100000000000003        2.1955649799863067E-006
  0.53200000000000003        2.2036381625433853E-006
  0.53300000000000003        2.2117250565118529E-006
  0.53400000000000003        2.2198256538032677E-006
  0.53500000000000003        2.2279399463153175E-006
  0.53600000000000003        2.2360679259322026E-006
  0.53700000000000003        2.2442095845241898E-006
  0.53800000000000003        2.2523649139481233E-006
  0.53900000000000003        2.2605339060469178E-006
  0.54000000000000004        2.2687165526500519E-006
  0.54100000000000004        2.2769128455731559E-006
  0.54200000000000004        2.2851227766183760E-006
  0.54300000000000004        2.2933463375740757E-006
  0.54400000000000004        2.3015835202150850E-006
  0.54500000000000004        2.3098343163025778E-006
  0.54600000000000004        2.3180987175840841E-006
  0.54700000000000004        2.3263767157935363E-006
  0.54800000000000004        2.3346683026513407E-006
  0.54900000000000004        2.3429734698641803E-006
  0.55000000000000004        2.3512922091252938E-006
  0.55100000000000005        2.3596245121142230E-006
  0.55200000000000005        2.3679703704970299E-006
  0.55300000000000005        2.3763297759261650E-006
  0.55400000000000005        2.3847027200405957E-006
  0.55500000000000005        2.3930891944656331E-006
  0.55600000000000005        2.4014891908131992E-006
  0.55700000000000005        2.4099027006815439E-006
  0.55800000000000005        2.4183297156555486E-006
  0.55900000000000005        2.4267702273064403E-006
  0.56000000000000005        2.4352242271921074E-006
  0.56100000000000005        2.4436917068567537E-006
  0.56200000000000006        2.4521726578313038E-006
  0.56300000000000006        2.4606670716330251E-006
  0.56400000000000006        2.4691749397658828E-006
  0.56500000000000006        2.4776962537202464E-006
  0.56600000000000006        2.4862310049731301E-006
  0.56700000000000006        2.4947791849880653E-006
  0.56800000000000006        2.5033407852151746E-006
  0.56900000000000006        2.5119157970911201E-006
  0.57000000000000006        2.5205042120392061E-006
  0.57100000000000006        2.5291060214692764E-006
  0.57200000000000006        2.5377212167777971E-006
  0.57300000000000006        2.5463497893478796E-006
  0.57400000000000007        2.5549917305491941E-006
  0.57500000000000007        2.5636470317380740E-006
  0.57600000000000007        2.5723156842575281E-006
  0.57699999999999996        2.5809976794371089E-006
  0.57799999999999996        2.5896930085931391E-006
  0.57899999999999996        2.5984016630285105E-006
  0.57999999999999996        2.6071236340328399E-006
  0.58099999999999996        2.6158589128824176E-006
  0.58199999999999996        2.6246074908402149E-006
  0.58299999999999996        2.6333693591559011E-006
  0.58399999999999996        2.6421445090658645E-006
  0.58499999999999996        2.6509329317931790E-006
  0.58599999999999997        2.6597346185476933E-006
  0.58699999999999997        2.6685495605259322E-006
  0.58799999999999997        2.6773777489112158E-006
  0.58899999999999997        2.6862191748735693E-006
  0.58999999999999997        2.6950738295698186E-006
  0.59099999999999997        2.7039417041435007E-006
  0.59199999999999997        2.7128227897250222E-006
  0.59299999999999997        2.7217170774314647E-006
  0.59399999999999997        2.7306245583668196E-006
  0.59499999999999997        2.7395452236217675E-006
  0.59599999999999997        2.7484790642738943E-006
  0.59699999999999998        2.7574260713875594E-006
  0.59799999999999998        2.7663862360139701E-006
  0.59899999999999998        2.7753595491911650E-006
  0.59999999999999998        2.7843460019440708E-006
  0.60099999999999998        2.7933455852843546E-006
  0.60199999999999998        2.8023582902107369E-006
  0.60299999999999998        2.8113841077086328E-006
  0.60399999999999998        2.8204230287504608E-006
  0.60499999999999998        2.8294750442954640E-006
  0.60599999999999998        2.8385401452898215E-006
  0.60699999999999998        2.8476183226666482E-006
  0.60799999999999998        2.8567095673459001E-006
  0.60899999999999999        2.8658138702345789E-006
  0.60999999999999999        2.8749312222264697E-006
  0.61099999999999999        2.8840616142025285E-006
  0.61199999999999999        2.8932050370303963E-006
  0.61299999999999999        2.9023614815649378E-006
  0.61399999999999999        2.9115309386477830E-006
  0.61499999999999999        2.9207133991077251E-006
  0.61599999999999999        2.9299088537603844E-006
  0.61699999999999999        2.9391172934085446E-006
  0.61799999999999999        2.9483387088418580E-006
  0.61899999999999999        2.9575730908371276E-006
  0.62000000000000000        2.9668204301580414E-006
  0.62100000000000000        2.9760807175555117E-006
  0.62200000000000000        2.9853539437673091E-006
  0.62300000000000000        2.9946400995184273E-006
  0.62400000000000000        3.0039391755207902E-006
  0.62500000000000000        3.0132511624735199E-006
  0.62600000000000000        3.0225760510626835E-006
  0.62700000000000000        3.0319138319616365E-006
  0.62800000000000000        3.0412644958306298E-006
  0.62900000000000000        3.0506280333172054E-006
  0.63000000000000000        3.0600044350559004E-006
  0.63100000000000001        3.0693936916684774E-006
  0.63200000000000001        3.0787957937637645E-006
  0.63300000000000001        3.0882107319378061E-006
  0.63400000000000001        3.0976384967737863E-006
  0.63500000000000001        3.1070790788420155E-006
  0.63600000000000001        3.1165324687000589E-006
  0.63700000000000001        3.1259986568926203E-006
  0.63800000000000001        3.1354776339516406E-006
  0.63900000000000001        3.1449693903962036E-006
  0.64000000000000001        3.1544739167327130E-006
  0.64100000000000001        3.1639912034546759E-006
  0.64200000000000002        3.1735212410429497E-006
  0.64300000000000002        3.1830640199655855E-006
  0.64400000000000002        3.1926195306778610E-006
  0.64500000000000002        3.2021877636224098E-006
  0.64600000000000002        3.2117687092290206E-006
  0.64700000000000002        3.2213623579149048E-006
  0.64800000000000002        3.2309687000844200E-006
  0.64900000000000002        3.2405877261293645E-006
  0.65000000000000002        3.2502194264287446E-006
  0.65100000000000002        3.2598637913489682E-006
  0.65200000000000002        3.2695208112437312E-006
  0.65300000000000002        3.2791904764540419E-006
  0.65400000000000003        3.2888727773083647E-006
  0.65500000000000003        3.2985677041224100E-006
  0.65600000000000003        3.3082752471993537E-006
  0.65700000000000003        3.3179953968296726E-006
  0.65800000000000003        3.3277281432913171E-006
  0.65900000000000003        3.3374734768495357E-006
  0.66000000000000003        3.3472313877571157E-006
  0.66100000000000003        3.3570018662541260E-006
  0.66200000000000003        3.3667849025681895E-006
  0.66300000000000003        3.3765804869142757E-006
  0.66400000000000003        3.3863886094948400E-006
  0.66500000000000004        3.3962092604998489E-006
  0.66600000000000004        3.4060424301066212E-006
  0.66700000000000004        3.4158881084800710E-006
  0.66800000000000004        3.4257462857725315E-006
  0.66900000000000004        3.4356169521238234E-006
  0.67000000000000004        3.4455000976613694E-006
  0.67100000000000004        3.4553957124999732E-006
  0.67200000000000004        3.4653037867421331E-006
  0.67300000000000004        3.4752243104776894E-006
  0.67400000000000004        3.4851572737842149E-006
  0.67500000000000004        3.4951026667267106E-006
  0.67600000000000005        3.5050604793578511E-006
  0.67700000000000005        3.5150307017177326E-006
  0.67800000000000005        3.5250133238342566E-006
  0.67900000000000005        3.5350083357227185E-006
  0.68000000000000005        3.5450157273861474E-006
  0.68100000000000005        3.5550354888151407E-006
  0.68200000000000005        3.5650676099879408E-006
  0.68300000000000005        3.5751120808703921E-006
  0.68400000000000005        3.5851688914160481E-006
  0.68500000000000005        3.5952380315660627E-006
  0.68600000000000005        3.6053194912493010E-006
  0.68700000000000006        3.6154132603822702E-006
  0.68800000000000006        3.6255193288692109E-006
  0.68900000000000006        3.6356376866019771E-006
  0.69000000000000006        3.6457683234602348E-006
  0.69100000000000006        3.6559112293113367E-006
  0.69200000000000006        3.6660663940102489E-006
  0.69300000000000006        3.6762338073999401E-006
  0.69400000000000006        3.6864134593108024E-006
  0.69500000000000006        3.6966053395612439E-006
  0.69600000000000006        3.7068094379572972E-006
  0.69700000000000006        3.7170257442928654E-006
  0.69800000000000006        3.7272542483495594E-006
  0.69900000000000007        3.7374949398968454E-006
  0.70000000000000007        3.7477478086920004E-006
  0.70100000000000007        3.7580128444800795E-006
  0.70200000000000007        3.7682900369940023E-006
  0.70300000000000007        3.7785793759545451E-006
  0.70399999999999996        3.7888808510702571E-006
  0.70499999999999996        3.7991944520376487E-006
  0.70599999999999996        3.8095201685410283E-006
  0.70699999999999996        3.8198579902526266E-006
  0.70799999999999996        3.8302079068325723E-006
  0.70899999999999996        3.8405699079288592E-006
  0.70999999999999996        3.8509439831773948E-006
  0.71099999999999997        3.8613301222020601E-006
  0.71199999999999997        3.8717283146146356E-006
  0.71299999999999997        3.8821385500148323E-006
  0.71399999999999997        3.8925608179903605E-006
  0.71499999999999997        3.9029951081168323E-006
  0.71599999999999997        3.9134414099578844E-006
  0.71699999999999997        3.9238997130651300E-006
  0.71799999999999997        3.9343700069781729E-006
  0.71899999999999997        3.9448522812246223E-006
  0.71999999999999997        3.9553465253201236E-006
  0.72099999999999997        3.9658527287683123E-006
  0.72199999999999998        3.9763708810608960E-006
  0.72299999999999998        3.9869009716776138E-006
  0.72399999999999998        3.9974429900862529E-006
  0.72499999999999998        4.0079969257427354E-006
  0.72599999999999998        4.0185627680909311E-006
  0.72699999999999998        4.0291405065630011E-006
  0.72799999999999998        4.0397301305789668E-006
  0.72899999999999998        4.0503316295471937E-006
  0.72999999999999998        4.0609449928639695E-006
  0.73099999999999998        4.0715702099138816E-006
  0.73199999999999998        4.0822072700695481E-006
  0.73299999999999998        4.0928561626917898E-006
  0.73399999999999999        4.1035168771295908E-006
  0.73499999999999999        4.1141894027201201E-006
  0.73599999999999999        4.1248737287886458E-006
  0.73699999999999999        4.1355698446488028E-006
  0.73799999999999999        4.1462777396022627E-006
  0.73899999999999999        4.1569974029390392E-006
  0.73999999999999999        4.1677288239372682E-006
  0.74099999999999999        4.1784719918634498E-006
  0.74199999999999999        4.1892268959722069E-006
  0.74299999999999999        4.1999935255065339E-006
  0.74399999999999999        4.2107718696976018E-006
  0.74500000000000000        4.2215619177649370E-006
  0.74600000000000000        4.2323636589163452E-006
  0.74700000000000000        4.2431770823479001E-006
  0.74800000000000000        4.2540021772440336E-006
  0.74900000000000000        4.2648389327774555E-006
  0.75000000000000000        4.2756873381092842E-006
  0.75100000000000000        4.2865473823889021E-006
  0.75200000000000000        4.2974190547541257E-006
  0.75300000000000000        4.3083023443311085E-006
  0.75400000000000000        4.3191972402343505E-006
  0.75500000000000000        4.3301037315668213E-006
  0.75600000000000001        4.3410218074198103E-006
  0.75700000000000001        4.3519514568730988E-006
  0.75800000000000001        4.3628926689947761E-006
  0.75900000000000001        4.3738454328415603E-006
  0.76000000000000001        4.3848097374583388E-006
  0.76100000000000001        4.3957855718788092E-006
  0.76200000000000001        4.4067729251247237E-006
  0.76300000000000001        4.4177717862067686E-006
  0.76400000000000001        4.4287821441236154E-006
  0.76500000000000001        4.4398039878629982E-006
  0.76600000000000001        4.4508373064005994E-006
  0.76700000000000002        4.4618820887011093E-006
  0.76800000000000002        4.4729383237173075E-006
  0.76900000000000002        4.4840060003910187E-006
  0.77000000000000002        4.4950851076520890E-006
  0.77100000000000002        4.5061756344194394E-006
  0.77200000000000002        4.5172775696000917E-006
  0.77300000000000002        4.5283909020901268E-006
  0.77400000000000002        4.5395156207737000E-006
  0.77500000000000002        4.5506517145242290E-006
  0.77600000000000002        4.5617991722030262E-006
  0.77700000000000002        4.5729579826607182E-006
  0.77800000000000002        4.5841281347359891E-006
  0.77900000000000003        4.5953096172566988E-006
  0.78000000000000003        4.6065024190388926E-006
  0.78100000000000003        4.6177065288877725E-006
  0.78200000000000003        4.6289219355967630E-006
  0.78300000000000003        4.6401486279484060E-006
  0.78400000000000003        4.6513865947135816E-006
  0.78500000000000003        4.6626358246522607E-006
  0.78600000000000003        4.6738963065127795E-006
  0.78700000000000003        4.6851680290326002E-006
  0.78800000000000003        4.6964509809375337E-006
  0.78900000000000003        4.7077451509425795E-006
  0.79000000000000004        4.7190505277510879E-006
  0.79100000000000004        4.7303671000556841E-006
  0.79200000000000004        4.7416948565372449E-006
  0.79300000000000004        4.7530337858660269E-006
  0.79400000000000004        4.7643838767005640E-006
  0.79500000000000004        4.7757451176887775E-006
  0.79600000000000004        4.7871174974668495E-006
  0.79700000000000004        4.7985010046604457E-006
  0.79800000000000004        4.8098956278834501E-006
  0.79900000000000004        4.8213013557392919E-006
  0.80000000000000004        4.8327181768196333E-006
  0.80100000000000005        4.8441460797056969E-006
  0.80200000000000005        4.8555850529669873E-006
  0.80300000000000005        4.8670350851625332E-006
  0.80400000000000005        4.8784961648397231E-006
  0.80500000000000005        4.8899682805354662E-006
  0.80600000000000005        4.9014514207750817E-006
  0.80700000000000005        4.9129455740734102E-006
  0.80800000000000005        4.9244507289336819E-006
  0.80900000000000005        4.9359668738488035E-006
  0.81000000000000005        4.9474939972999587E-006
  0.81100000000000005        4.9590320877580770E-006
  0.81200000000000006        4.9705811336824142E-006
  0.81300000000000006        4.9821411235219361E-006
  0.81400000000000006        4.9937120457140231E-006
  0.81500000000000006        5.0052938886857765E-006
  0.81600000000000006        5.0168866408526835E-006
  0.81700000000000006        5.0284902906200361E-006
  0.81800000000000006        5.0401048263814695E-006
  0.81900000000000006        5.0517302365205808E-006
  0.82000000000000006        5.0633665094091280E-006
  0.82100000000000006        5.0750136334090071E-006
  0.82200000000000006        5.0866715968702889E-006
  0.82300000000000006        5.0983403881331937E-006
  0.82400000000000007        5.1100199955260058E-006
  0.82500000000000007        5.1217104073674554E-006
  0.82600000000000007        5.1334116119640401E-006
  0.82700000000000007        5.1451235976130520E-006
  0.82800000000000007        5.1568463525992452E-006
  0.82900000000000007        5.1685798651984878E-006
  0.83000000000000007        5.1803241236739000E-006
  0.83100000000000007        5.1920791162799426E-006
  0.83200000000000007        5.2038448312581821E-006
  0.83299999999999996        5.2156212568416557E-006
  0.83399999999999996        5.2274083812504506E-006
  0.83499999999999996        5.2392061926962613E-006
  0.83599999999999997        5.2510146793777231E-006
  0.83699999999999997        5.2628338294851538E-006
  0.83799999999999997        5.2746636311958962E-006
  0.83899999999999997        5.2865040726789008E-006
  0.83999999999999997        5.2983551420902963E-006
  0.84099999999999997        5.3102168275776355E-006
  0.84199999999999997        5.3220891172759096E-006
  0.84299999999999997        5.3339719993113861E-006
  0.84399999999999997        5.3458654617979075E-006
  0.84499999999999997        5.3577694928404655E-006
  0.84599999999999997        5.3696840805318845E-006
  0.84699999999999998        5.3816092129559269E-006
  0.84799999999999998        5.3935448781843716E-006
  0.84899999999999998        5.4054910642798139E-006
  0.84999999999999998        5.4174477592930668E-006
  0.85099999999999998        5.4294149512656318E-006
  0.85199999999999998        5.4413926282273860E-006
  0.85299999999999998        5.4533807781987170E-006
  0.85399999999999998        5.4653793891886960E-006
  0.85499999999999998        5.4773884491966338E-006
  0.85599999999999998        5.4894079462108055E-006
  0.85699999999999998        5.5014378682095044E-006
  0.85799999999999998        5.5134782031602879E-006
  0.85899999999999999        5.5255289390204312E-006
  0.85999999999999999        5.5375900637368367E-006
  0.86099999999999999        5.5496615652459070E-006
  0.86199999999999999        5.5617434314737677E-006
  0.86299999999999999        5.5738356503361055E-006
  0.86399999999999999        5.5859382097383283E-006
  0.86499999999999999        5.5980510975754104E-006
  0.86599999999999999        5.6101743017320566E-006
  0.86699999999999999        5.6223078100826396E-006
  0.86799999999999999        5.6344516104912262E-006
  0.86899999999999999        5.6466056908115943E-006
  0.87000000000000000        5.6587700388872093E-006
  0.87100000000000000        5.6709446425513195E-006
  0.87200000000000000        5.6831294896268471E-006
  0.87300000000000000        5.6953245679265746E-006
  0.87400000000000000        5.7075298652529022E-006
  0.87500000000000000        5.7197453693981404E-006
  0.87600000000000000        5.7319710681443200E-006
  0.87700000000000000        5.7442069492633354E-006
  0.87800000000000000        5.7564530005168439E-006
  0.87900000000000000        5.7687092096562932E-006
  0.88000000000000000        5.7809755644230693E-006
  0.88100000000000001        5.7932520525483626E-006
  0.88200000000000001        5.8055386617532470E-006
  0.88300000000000001        5.8178353797486019E-006
  0.88400000000000001        5.8301421942353107E-006
  0.88500000000000001        5.8424590929040559E-006
  0.88600000000000001        5.8547860634354827E-006
  0.88700000000000001        5.8671230935001636E-006
  0.88800000000000001        5.8794701707585936E-006
  0.88900000000000001        5.8918272828612357E-006
  0.89000000000000001        5.9041944174484935E-006
  0.89100000000000001        5.9165715621507636E-006
  0.89200000000000002        5.9289587045884512E-006
  0.89300000000000002        5.9413558323718638E-006
  0.89400000000000002        5.9537629331014828E-006
  0.89500000000000002        5.9661799943676705E-006
  0.89600000000000002        5.9786070037509353E-006
  0.89700000000000002        5.9910439488216674E-006
  0.89800000000000002        6.0034908171406086E-006
  0.89900000000000002        6.0159475962582109E-006
  0.90000000000000002        6.0284142737153618E-006
  0.90100000000000002        6.0408908370427724E-006
  0.90200000000000002        6.0533772737615194E-006
  0.90300000000000002        6.0658735713825012E-006
  0.90400000000000003        6.0783797174070537E-006
  0.90500000000000003        6.0908956993264441E-006
  0.90600000000000003        6.1034215046222710E-006
  0.90700000000000003        6.1159571207661361E-006
  0.90800000000000003        6.1285025352199773E-006
  0.90900000000000003        6.1410577354358586E-006
  0.91000000000000003        6.1536227088560145E-006
  0.91100000000000003        6.1661974429130805E-006
  0.91200000000000003        6.1787819250296567E-006
  0.91300000000000003        6.1913761426188844E-006
  0.91400000000000003        6.2039800830839114E-006
  0.91500000000000004        6.2165937338183473E-006
  0.91600000000000004        6.2292170822059878E-006
  0.91700000000000004        6.2418501156210046E-006
  0.91800000000000004        6.2544928214277636E-006
  0.91900000000000004        6.2671451869811080E-006
  0.92000000000000004        6.2798071996260327E-006
  0.92100000000000004        6.2924788466981322E-006
  0.92200000000000004        6.3051601155231526E-006
  0.92300000000000004        6.3178509934172363E-006
  0.92400000000000004        6.3305514676870939E-006
  0.92500000000000004        6.3432615256295894E-006
  0.92600000000000005        6.3559811545321923E-006
  0.92700000000000005        6.3687103416727058E-006
  0.92800000000000005        6.3814490743194055E-006
  0.92900000000000005        6.3941973397309965E-006
  0.93000000000000005        6.4069551251566956E-006
  0.93100000000000005        6.4197224178361215E-006
  0.93200000000000005        6.4324992049994598E-006
  0.93300000000000005        6.4452854738673432E-006
  0.93400000000000005        6.4580812116510132E-006
  0.93500000000000005        6.4708864055520316E-006
  0.93600000000000005        6.4837010427628392E-006
  0.93700000000000006        6.4965251104660030E-006
  0.93800000000000006        6.5093585958351479E-006
  0.93900000000000006        6.5222014860339657E-006
  0.94000000000000006        6.5350537682172372E-006
  0.94100000000000006        6.5479154295298864E-006
  0.94200000000000006        6.5607864571078936E-006
  0.94300000000000006        6.5736668380774481E-006
  0.94400000000000006        6.5865565595557928E-006
  0.94500000000000006        6.5994556086504188E-006
  0.94600000000000006        6.6123639724599251E-006
  0.94700000000000006        6.6252816380731621E-006
  0.94800000000000006        6.6382085925700100E-006
  0.94900000000000007        6.6511448230208965E-006
  0.95000000000000007        6.6640903164869426E-006
  0.95100000000000007        6.6770450600201900E-006
  0.95200000000000007        6.6900090406630956E-006
  0.95300000000000007        6.7029822454493983E-006
  0.95400000000000007        6.7159646614030083E-006
  0.95500000000000007        6.7289562755390587E-006
  0.95600000000000007        6.7419570748633111E-006
  0.95700000000000007        6.7549670463723326E-006
  0.95800000000000007        6.7679861770536040E-006
  0.95900000000000007        6.7810144538853703E-006
  0.95999999999999996        6.7940518638366952E-006
  0.96099999999999997        6.8070983938676751E-006
  0.96199999999999997        6.8201540309290391E-006
  0.96299999999999997        6.8332187619626308E-006
  0.96399999999999997        6.8462925739010779E-006
  0.96499999999999997        6.8593754536679580E-006
  0.96599999999999997        6.8724673881777640E-006
  0.96699999999999997        6.8855683643359390E-006
  0.96799999999999997        6.8986783690389181E-006
  0.96899999999999997        6.9117973891740409E-006
  0.96999999999999997        6.9249254116196753E-006
  0.97099999999999997        6.9380624232451816E-006
  0.97199999999999998        6.9512084109108665E-006
  0.97299999999999998        6.9643633614682451E-006
  0.97399999999999998        6.9775272617595601E-006
  0.97499999999999998        6.9907000986184365E-006
  0.97599999999999998        7.0038818588692769E-006
  0.97699999999999998        7.0170725293278177E-006
  0.97799999999999998        7.0302720968005671E-006
  0.97899999999999998        7.0434805480855077E-006
  0.97999999999999998        7.0566978699714294E-006
  0.98099999999999998        7.0699240492384365E-006
  0.98199999999999998        7.0831590726576287E-006
  0.98299999999999998        7.0964029269914040E-006
  0.98399999999999999        7.1096555989932011E-006
  0.98499999999999999        7.1229170754077551E-006
  0.98599999999999999        7.1361873429708840E-006
  0.98699999999999999        7.1494663884097136E-006
  0.98799999999999999        7.1627541984424938E-006
  0.98899999999999999        7.1760507597787955E-006
  0.98999999999999999        7.1893560591193792E-006
  0.99099999999999999        7.2026700831563001E-006
  0.99199999999999999        7.2159928185728603E-006
  0.99299999999999999        7.2293242520436610E-006
  0.99399999999999999        7.2426643702346165E-006
  0.99500000000000000        7.2560131598028674E-006
  0.99600000000000000        7.2693706073970857E-006
  0.99700000000000000        7.2827366996570375E-006
  0.99800000000000000        7.2961114232140181E-006
  0.99900000000000000        7.3094947646905861E-006
   1.0000000000000000        7.3228867107007589E-006
