   0.0000000000000000       -4.2598379269724873E-017
   1.0000000000000000E-003   5.0010005717517575E-010
   2.0000000000000000E-003   2.5004995127548674E-009
   3.0000000000000001E-003   7.0013965329409293E-009
   4.0000000000000001E-003   1.5002986843036968E-008
   5.0000000000000001E-003   2.7505461726166387E-008
   6.0000000000000001E-003   4.5509009694966909E-008
   7.0000000000000001E-003   7.0013812004033876E-008
   8.0000000000000002E-003   1.0202004403466876E-007
   9.0000000000000011E-003   1.4252787435005133E-007
   1.0000000000000000E-002   1.9253746204047466E-007
   1.0999999999999999E-002   2.5304895757888681E-007
   1.2000000000000000E-002   3.2506250014052535E-007
   1.3000000000000001E-002   4.0957821745162726E-007
   1.4000000000000000E-002   5.0759622518965055E-007
   1.4999999999999999E-002   6.2011662587718251E-007
   1.6000000000000000E-002   7.4813950567338593E-007
   1.7000000000000001E-002   8.9266493764984772E-007
   1.8000000000000002E-002   1.0546929771778711E-006
   1.9000000000000000E-002   1.2352236619495881E-006
   2.0000000000000000E-002   1.4352570112524718E-006
   2.1000000000000001E-002   1.6557930254992036E-006
   2.1999999999999999E-002   1.8978316835992202E-006
   2.3000000000000000E-002   2.1623729439665248E-006
   2.4000000000000000E-002   2.4504167414497422E-006
   2.5000000000000001E-002   2.7629629884770160E-006
   2.6000000000000002E-002   3.1010115721721329E-006
   2.7000000000000000E-002   3.4655623544525277E-006
   2.8000000000000001E-002   3.8576151707878193E-006
   2.9000000000000001E-002   4.2781698291054993E-006
   2.9999999999999999E-002   4.7282261084063659E-006
   3.1000000000000000E-002   5.2087837591840171E-006
   3.2000000000000001E-002   5.7208425004404511E-006
   3.3000000000000002E-002   6.2654020198220658E-006
   3.4000000000000002E-002   6.8434619733189670E-006
   3.5000000000000003E-002   7.4560219818576186E-006
   3.6000000000000004E-002   8.1040816330133584E-006
   3.6999999999999998E-002   8.7886404793209662E-006
   3.7999999999999999E-002   9.5106980356173066E-006
   3.9000000000000000E-002   1.0271253779621521E-005
   4.0000000000000001E-002   1.1071307150515567E-005
   4.1000000000000002E-002   1.1911857548386045E-005
   4.2000000000000003E-002   1.2793904332542645E-005
   4.3000000000000003E-002   1.3718446820771051E-005
   4.3999999999999997E-002   1.4686484288166453E-005
   4.4999999999999998E-002   1.5699015966261316E-005
   4.5999999999999999E-002   1.6757041042886424E-005
   4.7000000000000000E-002   1.7861558659891884E-005
   4.8000000000000001E-002   1.9013567911704303E-005
   4.9000000000000002E-002   2.0214067846919509E-005
   5.0000000000000003E-002   2.1464057464648301E-005
   5.1000000000000004E-002   2.2764535714250630E-005
   5.2000000000000005E-002   2.4116501495049326E-005
   5.2999999999999999E-002   2.5520953655581122E-005
   5.3999999999999999E-002   2.6978890990404640E-005
   5.5000000000000000E-002   2.8491312241341007E-005
   5.6000000000000001E-002   3.0059216095727909E-005
   5.7000000000000002E-002   3.1683601185972411E-005
   5.8000000000000003E-002   3.3365466086736470E-005
   5.9000000000000004E-002   3.5105809315381540E-005
   5.9999999999999998E-002   3.6905629332332219E-005
   6.0999999999999999E-002   3.8765924536621576E-005
   6.2000000000000000E-002   4.0687693267987917E-005
   6.3000000000000000E-002   4.2671933804353414E-005
   6.4000000000000001E-002   4.4719644360175578E-005
   6.5000000000000002E-002   4.6831823088534964E-005
   6.6000000000000003E-002   4.9009468076279869E-005
   6.7000000000000004E-002   5.1253577345765860E-005
   6.8000000000000005E-002   5.3565148851857787E-005
   6.9000000000000006E-002   5.5945180482484305E-005
   7.0000000000000007E-002   5.8394670057747193E-005
   7.1000000000000008E-002   6.0914615327040067E-005
   7.2000000000000008E-002   6.3506013970736770E-005
   7.2999999999999995E-002   6.6169863596017732E-005
   7.3999999999999996E-002   6.8907161739151839E-005
   7.4999999999999997E-002   7.1718905861618010E-005
   7.5999999999999998E-002   7.4606093352583364E-005
   7.6999999999999999E-002   7.7569721522652730E-005
   7.8000000000000000E-002   8.0610787607999886E-005
   7.9000000000000001E-002   8.3730288767694340E-005
   8.0000000000000002E-002   8.6929222081014908E-005
   8.1000000000000003E-002   9.0208584548594317E-005
   8.2000000000000003E-002   9.3569373090413529E-005
   8.3000000000000004E-002   9.7012584545244781E-005
   8.4000000000000005E-002   1.0053921566822206E-004
   8.5000000000000006E-002   1.0415026313310332E-004
   8.6000000000000007E-002   1.0784672352782387E-004
   8.7000000000000008E-002   1.1162959335456482E-004
   8.7999999999999995E-002   1.1549986903078250E-004
   8.8999999999999996E-002   1.1945854688476295E-004
   8.9999999999999997E-002   1.2350662315742226E-004
   9.0999999999999998E-002   1.2764509399959813E-004
   9.1999999999999998E-002   1.3187495547178343E-004
   9.2999999999999999E-002   1.3619720354375914E-004
   9.4000000000000000E-002   1.4061283409188072E-004
   9.5000000000000001E-002   1.4512284290040529E-004
   9.6000000000000002E-002   1.4972822565807582E-004
   9.7000000000000003E-002   1.5442997795825733E-004
   9.8000000000000004E-002   1.5922909529866508E-004
   9.9000000000000005E-002   1.6412657307937294E-004
  0.10000000000000001        1.6912340660130742E-004
  0.10100000000000001        1.7422059106715678E-004
  0.10200000000000001        1.7941912157829206E-004
  0.10300000000000001        1.8471999313604505E-004
  0.10400000000000001        1.9012420063700661E-004
  0.10500000000000000        1.9563273887765516E-004
  0.10600000000000000        2.0124660254746502E-004
  0.10700000000000000        2.0696678623106468E-004
  0.10800000000000000        2.1279428440745029E-004
  0.10900000000000000        2.1873009144832248E-004
  0.11000000000000000        2.2477520161669402E-004
  0.11100000000000000        2.3093060906534315E-004
  0.11200000000000000        2.3719730783902288E-004
  0.11300000000000000        2.4357629186873175E-004
  0.11400000000000000        2.5006855497463601E-004
  0.11500000000000000        2.5667509086300575E-004
  0.11600000000000001        2.6339689312614834E-004
  0.11700000000000001        2.7023495524103775E-004
  0.11800000000000001        2.7719027056788398E-004
  0.11900000000000001        2.8426383235019071E-004
  0.12000000000000000        2.9145663371317861E-004
  0.12100000000000000        2.9876966766234116E-004
  0.12200000000000000        3.0620392708330607E-004
  0.12300000000000000        3.1376040474065219E-004
  0.12400000000000000        3.2144009327538274E-004
  0.12500000000000000        3.2924398520729048E-004
  0.12600000000000000        3.3717307293051798E-004
  0.12700000000000000        3.4522834871517799E-004
  0.12800000000000000        3.5341080470304874E-004
  0.12900000000000000        3.6172143291101852E-004
  0.13000000000000000        3.7016122522647282E-004
  0.13100000000000001        3.7873117340759226E-004
  0.13200000000000001        3.8743226908322955E-004
  0.13300000000000001        3.9626550375078683E-004
  0.13400000000000001        4.0523186877472169E-004
  0.13500000000000001        4.1433235538679351E-004
  0.13600000000000001        4.2356795468531590E-004
  0.13700000000000001        4.3293965763251341E-004
  0.13800000000000001        4.4244845505497760E-004
  0.13900000000000001        4.5209533764134664E-004
  0.14000000000000001        4.6188129594378644E-004
  0.14100000000000001        4.7180732037395586E-004
  0.14200000000000002        4.8187440120398255E-004
  0.14300000000000002        4.9208352856432310E-004
  0.14400000000000002        5.0243569244435714E-004
  0.14499999999999999        5.1293188268948064E-004
  0.14599999999999999        5.2357308900150793E-004
  0.14699999999999999        5.3436030093717156E-004
  0.14799999999999999        5.4529450790724424E-004
  0.14899999999999999        5.5637669917560860E-004
  0.14999999999999999        5.6760786385718829E-004
  0.15100000000000000        5.7898899091882801E-004
  0.15200000000000000        5.9052106917708333E-004
  0.15300000000000000        6.0220508729769790E-004
  0.15400000000000000        6.1404203379478151E-004
  0.15500000000000000        6.2603289702810349E-004
  0.15600000000000000        6.3817866520509412E-004
  0.15700000000000000        6.5048032637709738E-004
  0.15800000000000000        6.6293886844021868E-004
  0.15900000000000000        6.7555527913377208E-004
  0.16000000000000000        6.8833054603858383E-004
  0.16100000000000000        7.0126565657678888E-004
  0.16200000000000001        7.1436159800997916E-004
  0.16300000000000001        7.2761935744114622E-004
  0.16400000000000001        7.4103992180854202E-004
  0.16500000000000001        7.5462427788963531E-004
  0.16600000000000001        7.6837341229723036E-004
  0.16700000000000001        7.8228831147907389E-004
  0.16800000000000001        7.9636996171826742E-004
  0.16900000000000001        8.1061934913023454E-004
  0.17000000000000001        8.2503745966128552E-004
  0.17100000000000001        8.3962527909209913E-004
  0.17200000000000001        8.5438379303137886E-004
  0.17300000000000001        8.6931398691800384E-004
  0.17400000000000002        8.8441684601829964E-004
  0.17500000000000002        8.9969335542643559E-004
  0.17599999999999999        9.1514450006335336E-004
  0.17699999999999999        9.3077126467447033E-004
  0.17799999999999999        9.4657463382997868E-004
  0.17899999999999999        9.6255559192306192E-004
  0.17999999999999999        9.7871512316960690E-004
  0.18099999999999999        9.9505421160734058E-004
  0.18200000000000000        1.0115738410940585E-003
  0.18300000000000000        1.0282749953060182E-003
  0.18400000000000000        1.0451586577391119E-003
  0.18500000000000000        1.0622258117068059E-003
  0.18600000000000000        1.0794774403376658E-003
  0.18700000000000000        1.0969145265770320E-003
  0.18800000000000000        1.1145380531840732E-003
  0.18900000000000000        1.1323490027326164E-003
  0.19000000000000000        1.1503483576073541E-003
  0.19100000000000000        1.1685371000053513E-003
  0.19200000000000000        1.1869162119348727E-003
  0.19300000000000000        1.2054866752124365E-003
  0.19400000000000001        1.2242494714642773E-003
  0.19500000000000001        1.2432055821239743E-003
  0.19600000000000001        1.2623559884306190E-003
  0.19700000000000001        1.2817016714315170E-003
  0.19800000000000001        1.3012436119759622E-003
  0.19900000000000001        1.3209827907184541E-003
  0.20000000000000001        1.3409201881160418E-003
  0.20100000000000001        1.3610567844273510E-003
  0.20200000000000001        1.3813935597115580E-003
  0.20300000000000001        1.4019314938279268E-003
  0.20400000000000001        1.4226715664344199E-003
  0.20500000000000002        1.4436147569871290E-003
  0.20600000000000002        1.4647620447385034E-003
  0.20700000000000002        1.4861144087363535E-003
  0.20800000000000002        1.5076728278251297E-003
  0.20899999999999999        1.5294382806413280E-003
  0.20999999999999999        1.5514117456153366E-003
  0.21099999999999999        1.5735942009694362E-003
  0.21199999999999999        1.5959866247166900E-003
  0.21299999999999999        1.6185899946604702E-003
  0.21400000000000000        1.6414052883928388E-003
  0.21500000000000000        1.6644334832933952E-003
  0.21600000000000000        1.6876755565299862E-003
  0.21700000000000000        1.7111324850552089E-003
  0.21800000000000000        1.7348052456083660E-003
  0.21900000000000000        1.7586948147113887E-003
  0.22000000000000000        1.7828021686698654E-003
  0.22100000000000000        1.8071282835717610E-003
  0.22200000000000000        1.8316741352861765E-003
  0.22300000000000000        1.8564406994624083E-003
  0.22400000000000000        1.8814289515289486E-003
  0.22500000000000001        1.9066398666923623E-003
  0.22600000000000001        1.9320744199366254E-003
  0.22700000000000001        1.9577335860229200E-003
  0.22800000000000001        1.9836183394858578E-003
  0.22900000000000001        2.0097296546359427E-003
  0.23000000000000001        2.0360685055566667E-003
  0.23100000000000001        2.0626358661042983E-003
  0.23200000000000001        2.0894327099056711E-003
  0.23300000000000001        2.1164600103582526E-003
  0.23400000000000001        2.1437187406303563E-003
  0.23500000000000001        2.1712098736573976E-003
  0.23600000000000002        2.1989343821424414E-003
  0.23700000000000002        2.2268932385561139E-003
  0.23800000000000002        2.2550874151330055E-003
  0.23900000000000002        2.2835178838737659E-003
  0.23999999999999999        2.3121856165426958E-003
  0.24099999999999999        2.3410915846653968E-003
  0.24199999999999999        2.3702367595310257E-003
  0.24299999999999999        2.3996221121885077E-003
  0.24399999999999999        2.4292486134458754E-003
  0.24500000000000000        2.4591172338715721E-003
  0.24600000000000000        2.4892289437906771E-003
  0.24700000000000000        2.5195847132853124E-003
  0.24800000000000000        2.5501855121936806E-003
  0.24900000000000000        2.5810323101091610E-003
  0.25000000000000000        2.6121260763785864E-003
  0.25100000000000000        2.6434677801016374E-003
  0.25200000000000000        2.6750583901310157E-003
  0.25300000000000000        2.7068988750693912E-003
  0.25400000000000000        2.7389902032698434E-003
  0.25500000000000000        2.7713333428349722E-003
  0.25600000000000001        2.8039292616152465E-003
  0.25700000000000001        2.8367789272076235E-003
  0.25800000000000001        2.8698833069562783E-003
  0.25900000000000001        2.9032433679507300E-003
  0.26000000000000001        2.9368600770232037E-003
  0.26100000000000001        2.9707344007513774E-003
  0.26200000000000001        3.0048673054529633E-003
  0.26300000000000001        3.0392597571892682E-003
  0.26400000000000001        3.0739127217600504E-003
  0.26500000000000001        3.1088271647063152E-003
  0.26600000000000001        3.1440040513062762E-003
  0.26700000000000002        3.1794443465756831E-003
  0.26800000000000002        3.2151490152679059E-003
  0.26900000000000002        3.2511190218706193E-003
  0.27000000000000002        3.2873553306070197E-003
  0.27100000000000002        3.3238589054329771E-003
  0.27200000000000002        3.3606307100379042E-003
  0.27300000000000002        3.3976717078429094E-003
  0.27400000000000002        3.4349828619991778E-003
  0.27500000000000002        3.4725651353879924E-003
  0.27600000000000002        3.5104194906203146E-003
  0.27700000000000002        3.5485468900339117E-003
  0.27800000000000002        3.5869482956935764E-003
  0.27900000000000003        3.6256246693899120E-003
  0.28000000000000003        3.6645769726395155E-003
  0.28100000000000003        3.7038061666820289E-003
  0.28200000000000003        3.7433132124802802E-003
  0.28300000000000003        3.7830990707193660E-003
  0.28400000000000003        3.8231647018060100E-003
  0.28500000000000003        3.8635110658654594E-003
  0.28600000000000003        3.9041391227448105E-003
  0.28700000000000003        3.9450498320061913E-003
  0.28800000000000003        3.9862441529315640E-003
  0.28899999999999998        4.0277230445190087E-003
  0.28999999999999998        4.0694874654803679E-003
  0.29099999999999998        4.1115383742435316E-003
  0.29199999999999998        4.1538767289486939E-003
  0.29299999999999998        4.1965034874490636E-003
  0.29399999999999998        4.2394196073096786E-003
  0.29499999999999998        4.2826260458056651E-003
  0.29599999999999999        4.3261237599221142E-003
  0.29699999999999999        4.3699137063521864E-003
  0.29799999999999999        4.4139968414975356E-003
  0.29899999999999999        4.4583741214668160E-003
  0.29999999999999999        4.5030465020726397E-003
  0.30099999999999999        4.5480149388346163E-003
  0.30199999999999999        4.5932803869745973E-003
  0.30299999999999999        4.6388438014190615E-003
  0.30399999999999999        4.6847061367944103E-003
  0.30499999999999999        4.7308683474304768E-003
  0.30599999999999999        4.7773313873541740E-003
  0.30700000000000000        4.8240962102940920E-003
  0.30800000000000000        4.8711637696764246E-003
  0.30900000000000000        4.9185350186240900E-003
  0.31000000000000000        4.9662109099551620E-003
  0.31100000000000000        5.0141923961857385E-003
  0.31200000000000000        5.0624804295239714E-003
  0.31300000000000000        5.1110759618722577E-003
  0.31400000000000000        5.1599799448256954E-003
  0.31500000000000000        5.2091933296699753E-003
  0.31600000000000000        5.2587170673827396E-003
  0.31700000000000000        5.3085521086297599E-003
  0.31800000000000000        5.3586994037653386E-003
  0.31900000000000001        5.4091599028333274E-003
  0.32000000000000001        5.4599345555625704E-003
  0.32100000000000001        5.5110243113689027E-003
  0.32200000000000001        5.5624301193515227E-003
  0.32300000000000001        5.6141529282948324E-003
  0.32400000000000001        5.6661936866655525E-003
  0.32500000000000001        5.7185533426119938E-003
  0.32600000000000001        5.7712328439655722E-003
  0.32700000000000001        5.8242331382341757E-003
  0.32800000000000001        5.8775551726088244E-003
  0.32900000000000001        5.9311998939558302E-003
  0.33000000000000002        5.9851682488197312E-003
  0.33100000000000002        6.0394611834218596E-003
  0.33200000000000002        6.0940796436581759E-003
  0.33300000000000002        6.1490245750992602E-003
  0.33400000000000002        6.2042969229891267E-003
  0.33500000000000002        6.2598976322443857E-003
  0.33600000000000002        6.3158276474532728E-003
  0.33700000000000002        6.3720879128747474E-003
  0.33800000000000002        6.4286793724376585E-003
  0.33900000000000002        6.4856029697379766E-003
  0.34000000000000002        6.5428596480421415E-003
  0.34100000000000003        6.6004503502816812E-003
  0.34200000000000003        6.6583760190533255E-003
  0.34300000000000003        6.7166375966208891E-003
  0.34400000000000003        6.7752360249111075E-003
  0.34500000000000003        6.8341722455139142E-003
  0.34600000000000003        6.8934471996803821E-003
  0.34700000000000003        6.9530618283245339E-003
  0.34800000000000003        7.0130170720197798E-003
  0.34900000000000003        7.0733138709983875E-003
  0.35000000000000003        7.1339531651526721E-003
  0.35100000000000003        7.1949358940298610E-003
  0.35199999999999998        7.2562629968355667E-003
  0.35299999999999998        7.3179354124304355E-003
  0.35399999999999998        7.3799540793301381E-003
  0.35499999999999998        7.4423199357031731E-003
  0.35599999999999998        7.5050339193715706E-003
  0.35699999999999998        7.5680969678080003E-003
  0.35799999999999998        7.6315100181372298E-003
  0.35899999999999999        7.6952740071342864E-003
  0.35999999999999999        7.7593898712212872E-003
  0.36099999999999999        7.8238585464702141E-003
  0.36199999999999999        7.8886809685992515E-003
  0.36299999999999999        7.9538580729734635E-003
  0.36399999999999999        8.0193907946019792E-003
  0.36499999999999999        8.0852800681391959E-003
  0.36599999999999999        8.1515268278834173E-003
  0.36699999999999999        8.2181320077740500E-003
  0.36799999999999999        8.2850965413923967E-003
  0.36899999999999999        8.3524213619611386E-003
  0.37000000000000000        8.4201074023414063E-003
  0.37100000000000000        8.4881555950336463E-003
  0.37200000000000000        8.5565668721763865E-003
  0.37300000000000000        8.6253421655449383E-003
  0.37400000000000000        8.6944824065496359E-003
  0.37500000000000000        8.7639885262366050E-003
  0.37600000000000000        8.8338614552859063E-003
  0.37700000000000000        8.9041021240109357E-003
  0.37800000000000000        8.9747114623567135E-003
  0.37900000000000000        9.0456903998993674E-003
  0.38000000000000000        9.1170398658468113E-003
  0.38100000000000001        9.1887607890340922E-003
  0.38200000000000001        9.2608540979267767E-003
  0.38300000000000001        9.3333207206170738E-003
  0.38400000000000001        9.4061615848233630E-003
  0.38500000000000001        9.4793776178907288E-003
  0.38600000000000001        9.5529697467882993E-003
  0.38700000000000001        9.6269388981095882E-003
  0.38800000000000001        9.7012859980703699E-003
  0.38900000000000001        9.7760119725084846E-003
  0.39000000000000001        9.8511177468831642E-003
  0.39100000000000001        9.9266042462739547E-003
  0.39200000000000002        1.0002472395378865E-002
  0.39300000000000002        1.0078723118514418E-002
  0.39400000000000002        1.0155357339615183E-002
  0.39500000000000002        1.0232375982231690E-002
  0.39600000000000002        1.0309779969529182E-002
  0.39700000000000002        1.0387570224288748E-002
  0.39800000000000002        1.0465747668904455E-002
  0.39900000000000002        1.0544313225383338E-002
  0.40000000000000002        1.0623267815343982E-002
  0.40100000000000002        1.0702612360015689E-002
  0.40200000000000002        1.0782347780238573E-002
  0.40300000000000002        1.0862474996461386E-002
  0.40400000000000003        1.0942994928740306E-002
  0.40500000000000003        1.1023908496740174E-002
  0.40600000000000003        1.1105216619730084E-002
  0.40700000000000003        1.1186920216586483E-002
  0.40800000000000003        1.1269020205789730E-002
  0.40900000000000003        1.1351517505422104E-002
  0.41000000000000003        1.1434413033171050E-002
  0.41100000000000003        1.1517707706324208E-002
  0.41200000000000003        1.1601402441770332E-002
  0.41300000000000003        1.1685498155997238E-002
  0.41400000000000003        1.1769995765093251E-002
  0.41500000000000004        1.1854896184743051E-002
  0.41600000000000004        1.1940200330229985E-002
  0.41699999999999998        1.2025909116432665E-002
  0.41799999999999998        1.2112023457824994E-002
  0.41899999999999998        1.2198544268475697E-002
  0.41999999999999998        1.2285472462046206E-002
  0.42099999999999999        1.2372808951791743E-002
  0.42199999999999999        1.2460554650557544E-002
  0.42299999999999999        1.2548710470780527E-002
  0.42399999999999999        1.2637277324487845E-002
  0.42499999999999999        1.2726256123293875E-002
  0.42599999999999999        1.2815647778403145E-002
  0.42699999999999999        1.2905453200605644E-002
  0.42799999999999999        1.2995673300277875E-002
  0.42899999999999999        1.3086308987381811E-002
  0.42999999999999999        1.3177361171463859E-002
  0.43099999999999999        1.3268830761652653E-002
  0.43200000000000000        1.3360718666661884E-002
  0.43300000000000000        1.3453025794783937E-002
  0.43400000000000000        1.3545753053894603E-002
  0.43500000000000000        1.3638901351446698E-002
  0.43600000000000000        1.3732471594474183E-002
  0.43700000000000000        1.3826464689587779E-002
  0.43800000000000000        1.3920881542975430E-002
  0.43900000000000000        1.4015723060401403E-002
  0.44000000000000000        1.4110990147205654E-002
  0.44100000000000000        1.4206683708302010E-002
  0.44200000000000000        1.4302804648177441E-002
  0.44300000000000000        1.4399353870891871E-002
  0.44400000000000001        1.4496332280077117E-002
  0.44500000000000001        1.4593740778935013E-002
  0.44600000000000001        1.4691580270237575E-002
  0.44700000000000001        1.4789851656325839E-002
  0.44800000000000001        1.4888555839108980E-002
  0.44900000000000001        1.4987693720062416E-002
  0.45000000000000001        1.5087266200229531E-002
  0.45100000000000001        1.5187274180217236E-002
  0.45200000000000001        1.5287718560197349E-002
  0.45300000000000001        1.5388600239905960E-002
  0.45400000000000001        1.5489920118640976E-002
  0.45500000000000002        1.5591679095262113E-002
  0.45600000000000002        1.5693878068190760E-002
  0.45700000000000002        1.5796517935406148E-002
  0.45800000000000002        1.5899599594449490E-002
  0.45900000000000002        1.6003123942417083E-002
  0.46000000000000002        1.6107091875965231E-002
  0.46100000000000002        1.6211504291304177E-002
  0.46200000000000002        1.6316362084200509E-002
  0.46300000000000002        1.6421666149976800E-002
  0.46400000000000002        1.6527417383506868E-002
  0.46500000000000002        1.6633616679218442E-002
  0.46600000000000003        1.6740264931090681E-002
  0.46700000000000003        1.6847363032655029E-002
  0.46800000000000003        1.6954911876991070E-002
  0.46900000000000003        1.7062912356728722E-002
  0.47000000000000003        1.7171365364046301E-002
  0.47100000000000003        1.7280271790668215E-002
  0.47200000000000003        1.7389632527867249E-002
  0.47300000000000003        1.7499448466460135E-002
  0.47400000000000003        1.7609720496809499E-002
  0.47500000000000003        1.7720449508820905E-002
  0.47600000000000003        1.7831636391943316E-002
  0.47700000000000004        1.7943282035167485E-002
  0.47800000000000004        1.8055387327025583E-002
  0.47900000000000004        1.8167953155589913E-002
  0.47999999999999998        1.8280980408472244E-002
  0.48099999999999998        1.8394469972822458E-002
  0.48199999999999998        1.8508422735328094E-002
  0.48299999999999998        1.8622839582214480E-002
  0.48399999999999999        1.8737721399241184E-002
  0.48499999999999999        1.8853069071703431E-002
  0.48599999999999999        1.8968883484430824E-002
  0.48699999999999999        1.9085165521785838E-002
  0.48799999999999999        1.9201916067662739E-002
  0.48899999999999999        1.9319136005487868E-002
  0.48999999999999999        1.9436826218217872E-002
  0.49099999999999999        1.9554987588339064E-002
  0.49199999999999999        1.9673620997866004E-002
  0.49299999999999999        1.9792727328342630E-002
  0.49399999999999999        1.9912307460837608E-002
  0.49500000000000000        2.0032362275947603E-002
  0.49600000000000000        2.0152892653793861E-002
  0.49700000000000000        2.0273899474021351E-002
  0.49800000000000000        2.0395383615799265E-002
  0.49900000000000000        2.0517345957819434E-002
  0.50000000000000000        2.0639787378295048E-002
  0.50100000000000000        2.0762708754960120E-002
  0.50200000000000000        2.0886110965068115E-002
  0.50300000000000000        2.1009994885393457E-002
  0.50400000000000000        2.1134361392226696E-002
  0.50500000000000000        2.1259211361376085E-002
  0.50600000000000001        2.1384545668167779E-002
  0.50700000000000001        2.1510365187441090E-002
  0.50800000000000001        2.1636670793551922E-002
  0.50900000000000001        2.1763463360369949E-002
  0.51000000000000001        2.1890743761276765E-002
  0.51100000000000001        2.2018512869166489E-002
  0.51200000000000001        2.2146771556444251E-002
  0.51300000000000001        2.2275520695026207E-002
  0.51400000000000001        2.2404761156337778E-002
  0.51500000000000001        2.2534493811311371E-002
  0.51600000000000001        2.2664719530389409E-002
  0.51700000000000002        2.2795439183519707E-002
  0.51800000000000002        2.2926653640157509E-002
  0.51900000000000002        2.3058363769260650E-002
  0.52000000000000002        2.3190570439293446E-002
  0.52100000000000002        2.3323274518222567E-002
  0.52200000000000002        2.3456476873517509E-002
  0.52300000000000002        2.3590178372149252E-002
  0.52400000000000002        2.3724379880589778E-002
  0.52500000000000002        2.3859082264810344E-002
  0.52600000000000002        2.3994286390281883E-002
  0.52700000000000002        2.4129993121973309E-002
  0.52800000000000002        2.4266203324350592E-002
  0.52900000000000003        2.4402917861376595E-002
  0.53000000000000003        2.4540137596508985E-002
  0.53100000000000003        2.4677863392700655E-002
  0.53200000000000003        2.4816096112398350E-002
  0.53300000000000003        2.4954836617542202E-002
  0.53400000000000003        2.5094085769563193E-002
  0.53500000000000003        2.5233844429384863E-002
  0.53600000000000003        2.5374113457420244E-002
  0.53700000000000003        2.5514893713573239E-002
  0.53800000000000003        2.5656186057233549E-002
  0.53900000000000003        2.5797991347282483E-002
  0.54000000000000004        2.5940310442085026E-002
  0.54100000000000004        2.6083144199495024E-002
  0.54200000000000004        2.6226493476848457E-002
  0.54300000000000004        2.6370359130968499E-002
  0.54400000000000004        2.6514742018160647E-002
  0.54500000000000004        2.6659642994213608E-002
  0.54600000000000004        2.6805062914395918E-002
  0.54700000000000004        2.6951002633460057E-002
  0.54800000000000004        2.7097463005636164E-002
  0.54900000000000004        2.7244444884635434E-002
  0.55000000000000004        2.7391949123645443E-002
  0.55100000000000005        2.7539976575333906E-002
  0.55200000000000005        2.7688528091842357E-002
  0.55300000000000005        2.7837604524790723E-002
  0.55400000000000005        2.7987206725272513E-002
  0.55500000000000005        2.8137335543855169E-002
  0.55600000000000005        2.8287991830579926E-002
  0.55700000000000005        2.8439176434960897E-002
  0.55800000000000005        2.8590890205982426E-002
  0.55900000000000005        2.8743133992101016E-002
  0.56000000000000005        2.8895908641242321E-002
  0.56100000000000005        2.9049215000801598E-002
  0.56200000000000006        2.9203053917640481E-002
  0.56300000000000006        2.9357426238090661E-002
  0.56400000000000006        2.9512332807948450E-002
  0.56500000000000006        2.9667774472476212E-002
  0.56600000000000006        2.9823752076401349E-002
  0.56700000000000006        2.9980266463915287E-002
  0.56800000000000006        3.0137318478671508E-002
  0.56900000000000006        3.0294908963787667E-002
  0.57000000000000006        3.0453038761841009E-002
  0.57100000000000006        3.0611708714870796E-002
  0.57200000000000006        3.0770919664374317E-002
  0.57300000000000006        3.0930672451309912E-002
  0.57400000000000007        3.1090967916091772E-002
  0.57500000000000007        3.1251806898593755E-002
  0.57600000000000007        3.1413190238143401E-002
  0.57699999999999996        3.1575118773525791E-002
  0.57799999999999996        3.1737593342979584E-002
  0.57899999999999996        3.1900614784198159E-002
  0.57999999999999996        3.2064183934327369E-002
  0.58099999999999996        3.2228301629965060E-002
  0.58199999999999996        3.2392968707161407E-002
  0.58299999999999996        3.2558186001415641E-002
  0.58399999999999996        3.2723954347677754E-002
  0.58499999999999996        3.2890274580346324E-002
  0.58599999999999997        3.3057147533267543E-002
  0.58699999999999997        3.3224574039735832E-002
  0.58799999999999997        3.3392554932489993E-002
  0.58899999999999997        3.3561091043716892E-002
  0.58999999999999997        3.3730183205045595E-002
  0.59099999999999997        3.3899832247551248E-002
  0.59199999999999997        3.4070039001749493E-002
  0.59299999999999997        3.4240804297601117E-002
  0.59399999999999997        3.4412128964505642E-002
  0.59499999999999997        3.4584013831303828E-002
  0.59599999999999997        3.4756459726277521E-002
  0.59699999999999998        3.4929467477145794E-002
  0.59799999999999998        3.5103037911065851E-002
  0.59899999999999998        3.5277171854633589E-002
  0.59999999999999998        3.5451870133879251E-002
  0.60099999999999998        3.5627133574270352E-002
  0.60199999999999998        3.5802963000708087E-002
  0.60299999999999998        3.5979359237527889E-002
  0.60399999999999998        3.6156323108497999E-002
  0.60499999999999998        3.6333855436819759E-002
  0.60599999999999998        3.6511957045125019E-002
  0.60699999999999998        3.6690628755476094E-002
  0.60799999999999998        3.6869871389366843E-002
  0.60899999999999999        3.7049685767716833E-002
  0.60999999999999999        3.7230072710877707E-002
  0.61099999999999999        3.7411033038625127E-002
  0.61199999999999999        3.7592567570163361E-002
  0.61299999999999999        3.7774677124120817E-002
  0.61399999999999999        3.7957362518552855E-002
  0.61499999999999999        3.8140624570935526E-002
  0.61599999999999999        3.8324464098171966E-002
  0.61699999999999999        3.8508881916584969E-002
  0.61799999999999999        3.8693878841920208E-002
  0.61899999999999999        3.8879455689343645E-002
  0.62000000000000000        3.9065613273441324E-002
  0.62100000000000000        3.9252352408218415E-002
  0.62200000000000000        3.9439673907098377E-002
  0.62300000000000000        3.9627578582922152E-002
  0.62400000000000000        3.9816067247948159E-002
  0.62500000000000000        4.0005140713848898E-002
  0.62600000000000000        4.0194799791714170E-002
  0.62700000000000000        4.0385045292046201E-002
  0.62800000000000000        4.0575878024762382E-002
  0.62900000000000000        4.0767298799190985E-002
  0.63000000000000000        4.0959308424072756E-002
  0.63100000000000001        4.1151907707560567E-002
  0.63200000000000001        4.1345097457216429E-002
  0.63300000000000001        4.1538878480011608E-002
  0.63400000000000001        4.1733251582326165E-002
  0.63500000000000001        4.1928217569948349E-002
  0.63600000000000001        4.2123777248073778E-002
  0.63700000000000001        4.2319931421302699E-002
  0.63800000000000001        4.2516680893641946E-002
  0.63900000000000001        4.2714026468503724E-002
  0.64000000000000001        4.2911968948701550E-002
  0.64100000000000001        4.3110509136454325E-002
  0.64200000000000002        4.3309647833381572E-002
  0.64300000000000002        4.3509385840505239E-002
  0.64400000000000002        4.3709723958247411E-002
  0.64500000000000002        4.3910662986428962E-002
  0.64600000000000002        4.4112203724272013E-002
  0.64700000000000002        4.4314346970394741E-002
  0.64800000000000002        4.4517093522813592E-002
  0.64900000000000002        4.4720444178941644E-002
  0.65000000000000002        4.4924399735587470E-002
  0.65100000000000002        4.5128960988954830E-002
  0.65200000000000002        4.5334128734641294E-002
  0.65300000000000002        4.5539903767638654E-002
  0.65400000000000003        4.5746286882329852E-002
  0.65500000000000003        4.5953278872491357E-002
  0.65600000000000003        4.6160880531289063E-002
  0.65700000000000003        4.6369092651280232E-002
  0.65800000000000003        4.6577916024411442E-002
  0.65900000000000003        4.6787351442017115E-002
  0.66000000000000003        4.6997399694819461E-002
  0.66100000000000003        4.7208061572929449E-002
  0.66200000000000003        4.7419337865841890E-002
  0.66300000000000003        4.7631229362438757E-002
  0.66400000000000003        4.7843736850986696E-002
  0.66500000000000004        4.8056861119134556E-002
  0.66600000000000004        4.8270602953916303E-002
  0.66700000000000004        4.8484963141746919E-002
  0.66800000000000004        4.8699942468424143E-002
  0.66900000000000004        4.8915541719125030E-002
  0.67000000000000004        4.9131761678406861E-002
  0.67100000000000004        4.9348603130207169E-002
  0.67200000000000004        4.9566066857841075E-002
  0.67300000000000004        4.9784153644001246E-002
  0.67400000000000004        5.0002864270756203E-002
  0.67500000000000004        5.0222199519553520E-002
  0.67600000000000005        5.0442160171212308E-002
  0.67700000000000005        5.0662747005929799E-002
  0.67800000000000005        5.0883960803273370E-002
  0.67900000000000005        5.1105802342185390E-002
  0.68000000000000005        5.1328272400980680E-002
  0.68100000000000005        5.1551371757344172E-002
  0.68200000000000005        5.1775101188331542E-002
  0.68300000000000005        5.1999461470369289E-002
  0.68400000000000005        5.2224453379252023E-002
  0.68500000000000005        5.2450077690142489E-002
  0.68600000000000005        5.2676335177571920E-002
  0.68700000000000006        5.2903226615437268E-002
  0.68800000000000006        5.3130752777001640E-002
  0.68900000000000006        5.3358914434893261E-002
  0.69000000000000006        5.3587712361105107E-002
  0.69100000000000006        5.3817147326993199E-002
  0.69200000000000006        5.4047220103277921E-002
  0.69300000000000006        5.4277931460037898E-002
  0.69400000000000006        5.4509282166718465E-002
  0.69500000000000006        5.4741272992120761E-002
  0.69600000000000006        5.4973904704409084E-002
  0.69700000000000006        5.5207178071103091E-002
  0.69800000000000006        5.5441093859084724E-002
  0.69900000000000007        5.5675652834590882E-002
  0.70000000000000007        5.5910855763215077E-002
  0.70100000000000007        5.6146703409907697E-002
  0.70200000000000007        5.6383196538974417E-002
  0.70300000000000007        5.6620335914074282E-002
  0.70399999999999996        5.6858122298220626E-002
  0.70499999999999996        5.7096556453779562E-002
  0.70599999999999996        5.7335639142469148E-002
  0.70699999999999996        5.7575371125359091E-002
  0.70799999999999996        5.7815753162869146E-002
  0.70899999999999996        5.8056786014769435E-002
  0.70999999999999996        5.8298470440179002E-002
  0.71099999999999997        5.8540807197565159E-002
  0.71199999999999997        5.8783797044741709E-002
  0.71299999999999997        5.9027440738871638E-002
  0.71399999999999997        5.9271739036461664E-002
  0.71499999999999997        5.9516692693364827E-002
  0.71599999999999997        5.9762302464778976E-002
  0.71699999999999997        6.0008569105244158E-002
  0.71799999999999997        6.0255493368645427E-002
  0.71899999999999997        6.0503076008208763E-002
  0.71999999999999997        6.0751317776501709E-002
  0.72099999999999997        6.1000219425433558E-002
  0.72199999999999998        6.1249781706252643E-002
  0.72299999999999998        6.1500005369546654E-002
  0.72399999999999998        6.1750891165241850E-002
  0.72499999999999998        6.2002439842602071E-002
  0.72599999999999998        6.2254652150229066E-002
  0.72699999999999998        6.2507528836059270E-002
  0.72799999999999998        6.2761070647366080E-002
  0.72899999999999998        6.3015278330755972E-002
  0.72999999999999998        6.3270152632171645E-002
  0.73099999999999998        6.3525694296887730E-002
  0.73199999999999998        6.3781904069510620E-002
  0.73299999999999998        6.4038782693979862E-002
  0.73399999999999999        6.4296330913565208E-002
  0.73499999999999999        6.4554549470867015E-002
  0.73599999999999999        6.4813439107815840E-002
  0.73699999999999999        6.5073000565668490E-002
  0.73799999999999999        6.5333234585013097E-002
  0.73899999999999999        6.5594141905763625E-002
  0.73999999999999999        6.5855723267159910E-002
  0.74099999999999999        6.6117979407768507E-002
  0.74199999999999999        6.6380911065481121E-002
  0.74299999999999999        6.6644518977512460E-002
  0.74399999999999999        6.6908803880403420E-002
  0.74500000000000000        6.7173766510015290E-002
  0.74600000000000000        6.7439407601532914E-002
  0.74700000000000000        6.7705727889461317E-002
  0.74800000000000000        6.7972728107628097E-002
  0.74900000000000000        6.8240408989178464E-002
  0.75000000000000000        6.8508771266578783E-002
  0.75100000000000000        6.8777815671612938E-002
  0.75200000000000000        6.9047542935382858E-002
  0.75300000000000000        6.9317953788307310E-002
  0.75400000000000000        6.9589048960120692E-002
  0.75500000000000000        6.9860829179874309E-002
  0.75600000000000001        7.0133295175933821E-002
  0.75700000000000001        7.0406447675977632E-002
  0.75800000000000001        7.0680287407000303E-002
  0.75900000000000001        7.0954815095305240E-002
  0.76000000000000001        7.1230031466512064E-002
  0.76100000000000001        7.1505937245547102E-002
  0.76200000000000001        7.1782533156652076E-002
  0.76300000000000001        7.2059819923372584E-002
  0.76400000000000001        7.2337798268570550E-002
  0.76500000000000001        7.2616468914407012E-002
  0.76600000000000001        7.2895832582360098E-002
  0.76700000000000002        7.3175889993206830E-002
  0.76800000000000002        7.3456641867037209E-002
  0.76900000000000002        7.3738088923239159E-002
  0.77000000000000002        7.4020231880513640E-002
  0.77100000000000002        7.4303071456856787E-002
  0.77200000000000002        7.4586608369577659E-002
  0.77300000000000002        7.4870843335276896E-002
  0.77400000000000002        7.5155777069868632E-002
  0.77500000000000002        7.5441410288556027E-002
  0.77600000000000002        7.5727743705854750E-002
  0.77700000000000002        7.6014778035568775E-002
  0.77800000000000002        7.6302513990811033E-002
  0.77900000000000003        7.6590952283983812E-002
  0.78000000000000003        7.6880093626794974E-002
  0.78100000000000003        7.7169938730241611E-002
  0.78200000000000003        7.7460488304624334E-002
  0.78300000000000003        7.7751743059532030E-002
  0.78400000000000003        7.8043703703855632E-002
  0.78500000000000003        7.8336370945771297E-002
  0.78600000000000003        7.8629745492758071E-002
  0.78700000000000003        7.8923828051578368E-002
  0.78800000000000003        7.9218619328294659E-002
  0.78900000000000003        7.9514120028253824E-002
  0.79000000000000004        7.9810330856098816E-002
  0.79100000000000004        8.0107252515755442E-002
  0.79200000000000004        8.0404885710447960E-002
  0.79300000000000004        8.0703231142678453E-002
  0.79400000000000004        8.1002289514246748E-002
  0.79500000000000004        8.1302061526229763E-002
  0.79600000000000004        8.1602547879000259E-002
  0.79700000000000004        8.1903749272207282E-002
  0.79800000000000004        8.2205666404793890E-002
  0.79900000000000004        8.2508299974977356E-002
  0.80000000000000004        8.2811650680269175E-002
  0.80100000000000005        8.3115719217452644E-002
  0.80200000000000005        8.3420506282603057E-002
  0.80300000000000005        8.3726012571068126E-002
  0.80400000000000005        8.4032238777485446E-002
  0.80500000000000005        8.4339185595761451E-002
  0.80600000000000005        8.4646853719093890E-002
  0.80700000000000005        8.4955243839948125E-002
  0.80800000000000005        8.5264356650077699E-002
  0.80900000000000005        8.5574192840501842E-002
  0.81000000000000005        8.5884753101528349E-002
  0.81100000000000005        8.6196038122729385E-002
  0.81200000000000006        8.6508048592962877E-002
  0.81300000000000006        8.6820785200350886E-002
  0.81400000000000006        8.7134248632299710E-002
  0.81500000000000006        8.7448439575477238E-002
  0.81600000000000006        8.7763358715835654E-002
  0.81700000000000006        8.8079006738587248E-002
  0.81800000000000006        8.8395384328226745E-002
  0.81900000000000006        8.8712492168506005E-002
  0.82000000000000006        8.9030330942462627E-002
  0.82100000000000006        8.9348901332385017E-002
  0.82200000000000006        8.9668204019848208E-002
  0.82300000000000006        8.9988239685675819E-002
  0.82400000000000007        9.0309009009979291E-002
  0.82500000000000007        9.0630512672112903E-002
  0.82600000000000007        9.0952751350721839E-002
  0.82700000000000007        9.1275725723689180E-002
  0.82800000000000007        9.1599436468190867E-002
  0.82900000000000007        9.1923884260634442E-002
  0.83000000000000007        9.2249069776726395E-002
  0.83100000000000007        9.2574993691396421E-002
  0.83200000000000007        9.2901656678874317E-002
  0.83299999999999996        9.3229059412613127E-002
  0.83399999999999996        9.3557202565364178E-002
  0.83499999999999996        9.3886086809098157E-002
  0.83599999999999997        9.4215712815086186E-002
  0.83699999999999997        9.4546081253814904E-002
  0.83799999999999997        9.4877192795071189E-002
  0.83899999999999997        9.5209048107856825E-002
  0.83999999999999997        9.5541647860469439E-002
  0.84099999999999997        9.5874992720424157E-002
  0.84199999999999997        9.6209083354527297E-002
  0.84299999999999997        9.6543920428804164E-002
  0.84399999999999997        9.6879504608567590E-002
  0.84499999999999997        9.7215836558350172E-002
  0.84599999999999997        9.7552916941967563E-002
  0.84699999999999998        9.7890746422458416E-002
  0.84799999999999998        9.8229325662138406E-002
  0.84899999999999998        9.8568655322548590E-002
  0.84999999999999998        9.8908736064502595E-002
  0.85099999999999998        9.9249568548041400E-002
  0.85199999999999998        9.9591153432473475E-002
  0.85299999999999998        9.9933491376337960E-002
  0.85399999999999998       0.10027658303743477     
  0.85499999999999998       0.10062042907279882     
  0.85599999999999998       0.10096503013871862     
  0.85699999999999998       0.10131038689072158     
  0.85799999999999998       0.10165649998358342     
  0.85899999999999999       0.10200337007132229     
  0.85999999999999999       0.10235099780719722     
  0.86099999999999999       0.10269938384371219     
  0.86199999999999999       0.10304852883261070     
  0.86299999999999999       0.10339843342487867     
  0.86399999999999999       0.10374909827074066     
  0.86499999999999999       0.10410052401966254     
  0.86599999999999999       0.10445271132034761     
  0.86699999999999999       0.10480566082073878     
  0.86799999999999999       0.10515937316801527     
  0.86899999999999999       0.10551384900859455     
  0.87000000000000000       0.10586908898812959     
  0.87100000000000000       0.10622509375150951     
  0.87200000000000000       0.10658186394285858     
  0.87300000000000000       0.10693940020553429     
  0.87400000000000000       0.10729770318213049     
  0.87500000000000000       0.10765677351447091     
  0.87600000000000000       0.10801661184361482     
  0.87700000000000000       0.10837721880985048     
  0.87800000000000000       0.10873859505269992     
  0.87900000000000000       0.10910074121091427     
  0.88000000000000000       0.10946365792247503     
  0.88100000000000001       0.10982734582459333     
  0.88200000000000001       0.11019180555370707     
  0.88300000000000001       0.11055703774548511     
  0.88400000000000001       0.11092304303482189     
  0.88500000000000001       0.11128982205583859     
  0.88600000000000001       0.11165737544188334     
  0.88700000000000001       0.11202570382552833     
  0.88800000000000001       0.11239480783857231     
  0.88900000000000001       0.11276468811203730     
  0.89000000000000001       0.11313534527616906     
  0.89100000000000001       0.11350677996043623     
  0.89200000000000002       0.11387899279352985     
  0.89300000000000002       0.11425198440336258     
  0.89400000000000002       0.11462575541706821     
  0.89500000000000002       0.11500030646100176     
  0.89600000000000002       0.11537563816073552     
  0.89700000000000002       0.11575175114106480     
  0.89800000000000002       0.11612864602599945     
  0.89900000000000002       0.11650632343877143     
  0.90000000000000002       0.11688478400182474     
  0.90100000000000002       0.11726402833682681     
  0.90200000000000002       0.11764405706465388     
  0.90300000000000002       0.11802487080540441     
  0.90400000000000003       0.11840647017838593     
  0.90500000000000003       0.11878885580212474     
  0.90600000000000003       0.11917202829435709     
  0.90700000000000003       0.11955598827203530     
  0.90800000000000003       0.11994073635132103     
  0.90900000000000003       0.12032627314759030     
  0.91000000000000003       0.12071259927543036     
  0.91100000000000003       0.12109971534863508     
  0.91200000000000003       0.12148762198021325     
  0.91300000000000003       0.12187631978237948     
  0.91400000000000003       0.12226580936655812     
  0.91500000000000004       0.12265609134338283     
  0.91600000000000004       0.12304716632269308     
  0.91700000000000004       0.12343903491353456     
  0.91800000000000004       0.12383169772416226     
  0.91900000000000004       0.12422515536203292     
  0.92000000000000004       0.12461940843381240     
  0.92100000000000004       0.12501445754536625     
  0.92200000000000004       0.12541030330176806     
  0.92300000000000004       0.12580694630729267     
  0.92400000000000004       0.12620438716541726     
  0.92500000000000004       0.12660262647882234     
  0.92600000000000005       0.12700166484938810     
  0.92700000000000005       0.12740150287819668     
  0.92800000000000005       0.12780214116552963     
  0.92900000000000005       0.12820358031086959     
  0.93000000000000005       0.12860582091289624     
  0.93100000000000005       0.12900886356948887     
  0.93200000000000005       0.12941270887772416     
  0.93300000000000005       0.12981735743387635     
  0.93400000000000005       0.13022280983341478     
  0.93500000000000005       0.13062906667100860     
  0.93600000000000005       0.13103612854051494     
  0.93700000000000006       0.13144399603499743     
  0.93800000000000006       0.13185266974669954     
  0.93900000000000006       0.13226215026707264     
  0.94000000000000006       0.13267243818674859     
  0.94100000000000006       0.13308353409556187     
  0.94200000000000006       0.13349543858253071     
  0.94300000000000006       0.13390815223587149     
  0.94400000000000006       0.13432167564298517     
  0.94500000000000006       0.13473600939046854     
  0.94600000000000006       0.13515115406410128     
  0.94700000000000006       0.13556711024885987     
  0.94800000000000006       0.13598387852890187     
  0.94900000000000007       0.13640145948757668     
  0.95000000000000007       0.13681985370742061     
  0.95100000000000007       0.13723906177015380     
  0.95200000000000007       0.13765908425668746     
  0.95300000000000007       0.13807992174711048     
  0.95400000000000007       0.13850157482070599     
  0.95500000000000007       0.13892404405593334     
  0.95600000000000007       0.13934733003044136     
  0.95700000000000007       0.13977143332105701     
  0.95800000000000007       0.14019635450379375     
  0.95900000000000007       0.14062209415384408     
  0.95999999999999996       0.14104865284558460     
  0.96099999999999997       0.14147603115257085     
  0.96199999999999997       0.14190422964753918     
  0.96299999999999997       0.14233324890240520     
  0.96399999999999997       0.14276308948826280     
  0.96499999999999997       0.14319375197538703     
  0.96599999999999997       0.14362523693322943     
  0.96699999999999997       0.14405754493041706     
  0.96799999999999997       0.14449067653475783     
  0.96899999999999997       0.14492463231323105     
  0.96999999999999997       0.14535941283199574     
  0.97099999999999997       0.14579501865638358     
  0.97199999999999998       0.14623145035090299     
  0.97299999999999998       0.14666870847923213     
  0.97399999999999998       0.14710679360422954     
  0.97499999999999998       0.14754570628791885     
  0.97599999999999998       0.14798544709150188     
  0.97699999999999998       0.14842601657534765     
  0.97799999999999998       0.14886741529900169     
  0.97899999999999998       0.14930964382117373     
  0.97999999999999998       0.14975270269974905     
  0.98099999999999998       0.15019659249177997     
  0.98199999999999998       0.15064131375348627     
  0.98299999999999998       0.15108686704025898     
  0.98399999999999999       0.15153325290665620     
  0.98499999999999999       0.15198047190640199     
  0.98599999999999999       0.15242852459238812     
  0.98699999999999999       0.15287741151667211     
  0.98799999999999999       0.15332713323047786     
  0.98899999999999999       0.15377769028419294     
  0.98999999999999999       0.15422908322737089     
  0.99099999999999999       0.15468131260872758     
  0.99199999999999999       0.15513437897614407     
  0.99299999999999999       0.15558828287666321     
  0.99399999999999999       0.15604302485648930     
  0.99500000000000000       0.15649860546099234     
  0.99600000000000000       0.15695502523469693     
  0.99700000000000000       0.15741228472129473     
  0.99800000000000000       0.15787038446363250     
  0.99900000000000000       0.15832932500372118     
   1.0000000000000000       0.15878910688272660     
