   0.0000000000000000        2.8210889613261808E-003
   1.0000000000000000E-003   2.8210889604815778E-003
   2.0000000000000000E-003   2.8210889590917789E-003
   3.0000000000000001E-003   2.8210889571906273E-003
   4.0000000000000001E-003   2.8210889548289297E-003
   5.0000000000000001E-003   2.8210889520743840E-003
   6.0000000000000001E-003   2.8210889490116438E-003
   7.0000000000000001E-003   2.8210889457422725E-003
   8.0000000000000002E-003   2.8210889423847707E-003
   9.0000000000000011E-003   2.8210889390745540E-003
   1.0000000000000000E-002   2.8210889359639741E-003
   1.0999999999999999E-002   2.8210889332222996E-003
   1.2000000000000000E-002   2.8210889310357323E-003
   1.3000000000000001E-002   2.8210889296073874E-003
   1.4000000000000000E-002   2.8210889291572991E-003
   1.4999999999999999E-002   2.8210889299224457E-003
   1.6000000000000000E-002   2.8210889321566919E-003
   1.7000000000000001E-002   2.8210889361308458E-003
   1.8000000000000002E-002   2.8210889421326235E-003
   1.9000000000000000E-002   2.8210889504666553E-003
   2.0000000000000000E-002   2.8210889614544857E-003
   2.1000000000000001E-002   2.8210889754345784E-003
   2.1999999999999999E-002   2.8210889927622958E-003
   2.3000000000000000E-002   2.8210890138099195E-003
   2.4000000000000000E-002   2.8210890389666352E-003
   2.5000000000000001E-002   2.8210890686385364E-003
   2.6000000000000002E-002   2.8210891032486116E-003
   2.7000000000000000E-002   2.8210891432367516E-003
   2.8000000000000001E-002   2.8210891890597628E-003
   2.9000000000000001E-002   2.8210892411913179E-003
   2.9999999999999999E-002   2.8210893001220142E-003
   3.1000000000000000E-002   2.8210893663593185E-003
   3.2000000000000001E-002   2.8210894404275969E-003
   3.3000000000000002E-002   2.8210895228681005E-003
   3.4000000000000002E-002   2.8210896142389693E-003
   3.5000000000000003E-002   2.8210897151152050E-003
   3.6000000000000004E-002   2.8210898260887154E-003
   3.6999999999999998E-002   2.8210899477682573E-003
   3.7999999999999999E-002   2.8210900807794821E-003
   3.9000000000000000E-002   2.8210902257648817E-003
   4.0000000000000001E-002   2.8210903833838512E-003
   4.1000000000000002E-002   2.8210905543126067E-003
   4.2000000000000003E-002   2.8210907392442639E-003
   4.3000000000000003E-002   2.8210909388887533E-003
   4.3999999999999997E-002   2.8210911539728891E-003
   4.4999999999999998E-002   2.8210913852403166E-003
   4.5999999999999999E-002   2.8210916334515334E-003
   4.7000000000000000E-002   2.8210918993838816E-003
   4.8000000000000001E-002   2.8210921838315059E-003
   4.9000000000000002E-002   2.8210924876054437E-003
   5.0000000000000003E-002   2.8210928115334970E-003
   5.1000000000000004E-002   2.8210931564603505E-003
   5.2000000000000005E-002   2.8210935232474465E-003
   5.2999999999999999E-002   2.8210939127731112E-003
   5.3999999999999999E-002   2.8210943259324153E-003
   5.5000000000000000E-002   2.8210947636372924E-003
   5.6000000000000001E-002   2.8210952268164337E-003
   5.7000000000000002E-002   2.8210957164153589E-003
   5.8000000000000003E-002   2.8210962333963517E-003
   5.9000000000000004E-002   2.8210967787385180E-003
   5.9999999999999998E-002   2.8210973534377078E-003
   6.0999999999999999E-002   2.8210979585065834E-003
   6.2000000000000000E-002   2.8210985949745464E-003
   6.3000000000000000E-002   2.8210992638877858E-003
   6.4000000000000001E-002   2.8210999663092562E-003
   6.5000000000000002E-002   2.8211007033186433E-003
   6.6000000000000003E-002   2.8211014760124112E-003
   6.7000000000000004E-002   2.8211022855037463E-003
   6.8000000000000005E-002   2.8211031329225889E-003
   6.9000000000000006E-002   2.8211040194156063E-003
   7.0000000000000007E-002   2.8211049461461849E-003
   7.1000000000000008E-002   2.8211059142944600E-003
   7.2000000000000008E-002   2.8211069250572303E-003
   7.2999999999999995E-002   2.8211079796480782E-003
   7.3999999999999996E-002   2.8211090792971869E-003
   7.4999999999999997E-002   2.8211102252515799E-003
   7.5999999999999998E-002   2.8211114187747756E-003
   7.6999999999999999E-002   2.8211126611472027E-003
   7.8000000000000000E-002   2.8211139536657255E-003
   7.9000000000000001E-002   2.8211152976441328E-003
   8.0000000000000002E-002   2.8211166944126058E-003
   8.1000000000000003E-002   2.8211181453182610E-003
   8.2000000000000003E-002   2.8211196517245805E-003
   8.3000000000000004E-002   2.8211212150119750E-003
   8.4000000000000005E-002   2.8211228365771926E-003
   8.5000000000000006E-002   2.8211245178339198E-003
   8.6000000000000007E-002   2.8211262602121415E-003
   8.7000000000000008E-002   2.8211280651587825E-003
   8.7999999999999995E-002   2.8211299341370502E-003
   8.8999999999999996E-002   2.8211318686270385E-003
   8.9999999999999997E-002   2.8211338701251763E-003
   9.0999999999999998E-002   2.8211359401447279E-003
   9.1999999999999998E-002   2.8211380802152537E-003
   9.2999999999999999E-002   2.8211402918831585E-003
   9.4000000000000000E-002   2.8211425767111493E-003
   9.5000000000000001E-002   2.8211449362787098E-003
   9.6000000000000002E-002   2.8211473721816488E-003
   9.7000000000000003E-002   2.8211498860325201E-003
   9.8000000000000004E-002   2.8211524794601885E-003
   9.9000000000000005E-002   2.8211551541102368E-003
  0.10000000000000001        2.8211579116445662E-003
  0.10100000000000001        2.8211607537417423E-003
  0.10200000000000001        2.8211636820966637E-003
  0.10300000000000001        2.8211666984208658E-003
  0.10400000000000001        2.8211698044421844E-003
  0.10500000000000000        2.8211730019050813E-003
  0.10600000000000000        2.8211762925703290E-003
  0.10700000000000000        2.8211796782152449E-003
  0.10800000000000000        2.8211831606335148E-003
  0.10900000000000000        2.8211867416352726E-003
  0.11000000000000000        2.8211904230470560E-003
  0.11100000000000000        2.8211942067118221E-003
  0.11200000000000000        2.8211980944888759E-003
  0.11300000000000000        2.8212020882539815E-003
  0.11400000000000000        2.8212061898991881E-003
  0.11500000000000000        2.8212104013329688E-003
  0.11600000000000001        2.8212147244801207E-003
  0.11700000000000001        2.8212191612817885E-003
  0.11800000000000001        2.8212237136954511E-003
  0.11900000000000001        2.8212283836948951E-003
  0.12000000000000000        2.8212331732702222E-003
  0.12100000000000000        2.8212380844278399E-003
  0.12200000000000000        2.8212431191904333E-003
  0.12300000000000000        2.8212482795969608E-003
  0.12400000000000000        2.8212535677026485E-003
  0.12500000000000000        2.8212589855789805E-003
  0.12600000000000000        2.8212645353136666E-003
  0.12700000000000000        2.8212702190106680E-003
  0.12800000000000000        2.8212760387901462E-003
  0.12900000000000000        2.8212819967884752E-003
  0.13000000000000000        2.8212880951582302E-003
  0.13100000000000001        2.8212943360681544E-003
  0.13200000000000001        2.8213007217031761E-003
  0.13300000000000001        2.8213072542643686E-003
  0.13400000000000001        2.8213139359689597E-003
  0.13500000000000001        2.8213207690502939E-003
  0.13600000000000001        2.8213277557578706E-003
  0.13700000000000001        2.8213348983572584E-003
  0.13800000000000001        2.8213421991301509E-003
  0.13900000000000001        2.8213496603743007E-003
  0.14000000000000001        2.8213572844035385E-003
  0.14100000000000001        2.8213650735477653E-003
  0.14200000000000002        2.8213730301528931E-003
  0.14300000000000002        2.8213811565809053E-003
  0.14400000000000002        2.8213894552097463E-003
  0.14499999999999999        2.8213979284334272E-003
  0.14599999999999999        2.8214065786618856E-003
  0.14699999999999999        2.8214154083210717E-003
  0.14799999999999999        2.8214244198528906E-003
  0.14899999999999999        2.8214336157151940E-003
  0.14999999999999999        2.8214429983817414E-003
  0.15100000000000000        2.8214525703422633E-003
  0.15200000000000000        2.8214623341023238E-003
  0.15300000000000000        2.8214722921834543E-003
  0.15400000000000000        2.8214824471229799E-003
  0.15500000000000000        2.8214928014741541E-003
  0.15600000000000000        2.8215033578060373E-003
  0.15700000000000000        2.8215141187035312E-003
  0.15800000000000000        2.8215250867673473E-003
  0.15900000000000000        2.8215362646139977E-003
  0.16000000000000000        2.8215476548757840E-003
  0.16100000000000000        2.8215592602007732E-003
  0.16200000000000001        2.8215710832527833E-003
  0.16300000000000001        2.8215831267113670E-003
  0.16400000000000001        2.8215953932718054E-003
  0.16500000000000001        2.8216078856450775E-003
  0.16600000000000001        2.8216206065578616E-003
  0.16700000000000001        2.8216335587524879E-003
  0.16800000000000001        2.8216467449869846E-003
  0.16900000000000001        2.8216601680349663E-003
  0.17000000000000001        2.8216738306857054E-003
  0.17100000000000001        2.8216877357440792E-003
  0.17200000000000001        2.8217018860305400E-003
  0.17300000000000001        2.8217162843811308E-003
  0.17400000000000002        2.8217309336474360E-003
  0.17500000000000002        2.8217458366965853E-003
  0.17599999999999999        2.8217609964112196E-003
  0.17699999999999999        2.8217764156895100E-003
  0.17799999999999999        2.8217920974450677E-003
  0.17899999999999999        2.8218080446070315E-003
  0.17999999999999999        2.8218242601199196E-003
  0.18099999999999999        2.8218407469437642E-003
  0.18200000000000000        2.8218575080539167E-003
  0.18300000000000000        2.8218745464412415E-003
  0.18400000000000000        2.8218918651118320E-003
  0.18500000000000000        2.8219094670873125E-003
  0.18600000000000000        2.8219273554044686E-003
  0.18700000000000000        2.8219455331155805E-003
  0.18800000000000000        2.8219640032880688E-003
  0.18900000000000000        2.8219827690047728E-003
  0.19000000000000000        2.8220018333637025E-003
  0.19100000000000000        2.8220211994781628E-003
  0.19200000000000000        2.8220408704766617E-003
  0.19300000000000000        2.8220608495029232E-003
  0.19400000000000001        2.8220811397158510E-003
  0.19500000000000001        2.8221017442895176E-003
  0.19600000000000001        2.8221226664131324E-003
  0.19700000000000001        2.8221439092910440E-003
  0.19800000000000001        2.8221654761427005E-003
  0.19900000000000001        2.8221873702026293E-003
  0.20000000000000001        2.8222095947204318E-003
  0.20100000000000001        2.8222321529607370E-003
  0.20200000000000001        2.8222550482032149E-003
  0.20300000000000001        2.8222782837425283E-003
  0.20400000000000001        2.8223018628883152E-003
  0.20500000000000002        2.8223257889651884E-003
  0.20600000000000002        2.8223500653126615E-003
  0.20700000000000002        2.8223746952852342E-003
  0.20800000000000002        2.8223996822522067E-003
  0.20899999999999999        2.8224250295978389E-003
  0.20999999999999999        2.8224507407211760E-003
  0.21099999999999999        2.8224768190361401E-003
  0.21199999999999999        2.8225032679714203E-003
  0.21299999999999999        2.8225300909705086E-003
  0.21400000000000000        2.8225572914916596E-003
  0.21500000000000000        2.8225848730078548E-003
  0.21600000000000000        2.8226128390068058E-003
  0.21700000000000000        2.8226411929908892E-003
  0.21800000000000000        2.8226699384771847E-003
  0.21900000000000000        2.8226990789973886E-003
  0.22000000000000000        2.8227286180978377E-003
  0.22100000000000000        2.8227585593394665E-003
  0.22200000000000000        2.8227889062977535E-003
  0.22300000000000000        2.8228196625627740E-003
  0.22400000000000000        2.8228508317391047E-003
  0.22500000000000001        2.8228824174458141E-003
  0.22600000000000001        2.8229144233164675E-003
  0.22700000000000001        2.8229468529990909E-003
  0.22800000000000001        2.8229797101560930E-003
  0.22900000000000001        2.8230129984643509E-003
  0.23000000000000001        2.8230467216150603E-003
  0.23100000000000001        2.8230808833138153E-003
  0.23200000000000001        2.8231154872805065E-003
  0.23300000000000001        2.8231505372493418E-003
  0.23400000000000001        2.8231860369688244E-003
  0.23500000000000001        2.8232219902016393E-003
  0.23600000000000002        2.8232584007248131E-003
  0.23700000000000002        2.8232952723294341E-003
  0.23800000000000002        2.8233326088208835E-003
  0.23900000000000002        2.8233704140186097E-003
  0.23999999999999999        2.8234086917562217E-003
  0.24099999999999999        2.8234474458814118E-003
  0.24199999999999999        2.8234866802559220E-003
  0.24299999999999999        2.8235263987555510E-003
  0.24399999999999999        2.8235666052701105E-003
  0.24500000000000000        2.8236073037033850E-003
  0.24600000000000000        2.8236484979731196E-003
  0.24700000000000000        2.8236901920109941E-003
  0.24800000000000000        2.8237323897625844E-003
  0.24900000000000000        2.8237750951873339E-003
  0.25000000000000000        2.8238183122585477E-003
  0.25100000000000000        2.8238620449633311E-003
  0.25200000000000000        2.8239062973025746E-003
  0.25300000000000000        2.8239510732909635E-003
  0.25400000000000000        2.8239963769568486E-003
  0.25500000000000000        2.8240422123423548E-003
  0.25600000000000001        2.8240885835032177E-003
  0.25700000000000001        2.8241354945088607E-003
  0.25800000000000001        2.8241829494422919E-003
  0.25900000000000001        2.8242309524001154E-003
  0.26000000000000001        2.8242795074924832E-003
  0.26100000000000001        2.8243286188430823E-003
  0.26200000000000001        2.8243782905890778E-003
  0.26300000000000001        2.8244285268811059E-003
  0.26400000000000001        2.8244793318832379E-003
  0.26500000000000001        2.8245307097729362E-003
  0.26600000000000001        2.8245826647410460E-003
  0.26700000000000002        2.8246352009917491E-003
  0.26800000000000002        2.8246883227425312E-003
  0.26900000000000002        2.8247420342241546E-003
  0.27000000000000002        2.8247963396806400E-003
  0.27100000000000002        2.8248512433691969E-003
  0.27200000000000002        2.8249067495602549E-003
  0.27300000000000002        2.8249628625373370E-003
  0.27400000000000002        2.8250195865971617E-003
  0.27500000000000002        2.8250769260494348E-003
  0.27600000000000002        2.8251348852170182E-003
  0.27700000000000002        2.8251934684357096E-003
  0.27800000000000002        2.8252526800543365E-003
  0.27900000000000003        2.8253125244346693E-003
  0.28000000000000003        2.8253730059514047E-003
  0.28100000000000003        2.8254341289921129E-003
  0.28200000000000003        2.8254958979572193E-003
  0.28300000000000003        2.8255583172599914E-003
  0.28400000000000003        2.8256213913264426E-003
  0.28500000000000003        2.8256851245953688E-003
  0.28600000000000003        2.8257495215182663E-003
  0.28700000000000003        2.8258145865593240E-003
  0.28800000000000003        2.8258803241953700E-003
  0.28899999999999998        2.8259467389158415E-003
  0.28999999999999998        2.8260138352227608E-003
  0.29099999999999998        2.8260816176306804E-003
  0.29199999999999998        2.8261500906666751E-003
  0.29299999999999998        2.8262192588702764E-003
  0.29399999999999998        2.8262891267934690E-003
  0.29499999999999998        2.8263596990005884E-003
  0.29599999999999999        2.8264309800684144E-003
  0.29699999999999999        2.8265029745859439E-003
  0.29799999999999999        2.8265756871545889E-003
  0.29899999999999999        2.8266491223878760E-003
  0.29999999999999999        2.8267232849117098E-003
  0.30099999999999999        2.8267981793639687E-003
  0.30199999999999999        2.8268738103949071E-003
  0.30299999999999999        2.8269501826666491E-003
  0.30399999999999999        2.8270273008535992E-003
  0.30499999999999999        2.8271051696419835E-003
  0.30599999999999999        2.8271837937302292E-003
  0.30700000000000000        2.8272631778285019E-003
  0.30800000000000000        2.8273433266590826E-003
  0.30900000000000000        2.8274242449559386E-003
  0.31000000000000000        2.8275059374650476E-003
  0.31100000000000000        2.8275884089440173E-003
  0.31200000000000000        2.8276716641623782E-003
  0.31300000000000000        2.8277557079012072E-003
  0.31400000000000000        2.8278405449534342E-003
  0.31500000000000000        2.8279261801234584E-003
  0.31600000000000000        2.8280126182274263E-003
  0.31700000000000000        2.8280998640929232E-003
  0.31800000000000000        2.8281879225591491E-003
  0.31900000000000001        2.8282767984766899E-003
  0.32000000000000001        2.8283664967076543E-003
  0.32100000000000001        2.8284570221254772E-003
  0.32200000000000001        2.8285483796150019E-003
  0.32300000000000001        2.8286405740723395E-003
  0.32400000000000001        2.8287336104049019E-003
  0.32500000000000001        2.8288274935313194E-003
  0.32600000000000001        2.8289222283814164E-003
  0.32700000000000001        2.8290178198961541E-003
  0.32800000000000001        2.8291142730276051E-003
  0.32900000000000001        2.8292115927389008E-003
  0.33000000000000002        2.8293097840041879E-003
  0.33100000000000002        2.8294088518086001E-003
  0.33200000000000002        2.8295088011481696E-003
  0.33300000000000002        2.8296096370298784E-003
  0.33400000000000002        2.8297113644714838E-003
  0.33500000000000002        2.8298139885016018E-003
  0.33600000000000002        2.8299175141595729E-003
  0.33700000000000002        2.8300219464954595E-003
  0.33800000000000002        2.8301272905700094E-003
  0.33900000000000002        2.8302335514545727E-003
  0.34000000000000002        2.8303407342310941E-003
  0.34100000000000003        2.8304488439920513E-003
  0.34200000000000003        2.8305578858404063E-003
  0.34300000000000003        2.8306678648895834E-003
  0.34400000000000003        2.8307787862633799E-003
  0.34500000000000003        2.8308906550959714E-003
  0.34600000000000003        2.8310034765318352E-003
  0.34700000000000003        2.8311172557257108E-003
  0.34800000000000003        2.8312319978425460E-003
  0.34900000000000003        2.8313477080574808E-003
  0.35000000000000003        2.8314643915557359E-003
  0.35100000000000003        2.8315820535326601E-003
  0.35199999999999998        2.8317006991935979E-003
  0.35299999999999998        2.8318203337538840E-003
  0.35399999999999998        2.8319409624387895E-003
  0.35499999999999998        2.8320625904834722E-003
  0.35599999999999998        2.8321852231329358E-003
  0.35699999999999998        2.8323088656419595E-003
  0.35799999999999998        2.8324335232750735E-003
  0.35899999999999999        2.8325592013065059E-003
  0.35999999999999999        2.8326859050201367E-003
  0.36099999999999999        2.8328136397094148E-003
  0.36199999999999999        2.8329424106773842E-003
  0.36299999999999999        2.8330722232365285E-003
  0.36399999999999999        2.8332030827088474E-003
  0.36499999999999999        2.8333349944256723E-003
  0.36599999999999999        2.8334679637277479E-003
  0.36699999999999999        2.8336019959650637E-003
  0.36799999999999999        2.8337370964969010E-003
  0.36899999999999999        2.8338732706917210E-003
  0.37000000000000000        2.8340105239271240E-003
  0.37100000000000000        2.8341488615898336E-003
  0.37200000000000000        2.8342882890756049E-003
  0.37300000000000000        2.8344288117891836E-003
  0.37400000000000000        2.8345704351442763E-003
  0.37500000000000000        2.8347131645634644E-003
  0.37600000000000000        2.8348570054781809E-003
  0.37700000000000000        2.8350019633286449E-003
  0.37800000000000000        2.8351480435638084E-003
  0.37900000000000000        2.8352952516413148E-003
  0.38000000000000000        2.8354435930274249E-003
  0.38100000000000001        2.8355930731969983E-003
  0.38200000000000001        2.8357436976334015E-003
  0.38300000000000001        2.8358954718284914E-003
  0.38400000000000001        2.8360484012825166E-003
  0.38500000000000001        2.8362024915041177E-003
  0.38600000000000001        2.8363577480102391E-003
  0.38700000000000001        2.8365141763260701E-003
  0.38800000000000001        2.8366717819850243E-003
  0.38900000000000001        2.8368305705286294E-003
  0.39000000000000001        2.8369905475065611E-003
  0.39100000000000001        2.8371517184764749E-003
  0.39200000000000002        2.8373140890040529E-003
  0.39300000000000002        2.8374776646628887E-003
  0.39400000000000002        2.8376424510344511E-003
  0.39500000000000002        2.8378084537080206E-003
  0.39600000000000002        2.8379756782806582E-003
  0.39700000000000002        2.8381441303571100E-003
  0.39800000000000002        2.8383138155497816E-003
  0.39900000000000002        2.8384847394786771E-003
  0.40000000000000002        2.8386569077713201E-003
  0.40100000000000002        2.8388303260627359E-003
  0.40200000000000002        2.8390049999953587E-003
  0.40300000000000002        2.8391809352189806E-003
  0.40400000000000003        2.8393581373907248E-003
  0.40500000000000003        2.8395366121749485E-003
  0.40600000000000003        2.8397163652432011E-003
  0.40700000000000003        2.8398974022741750E-003
  0.40800000000000003        2.8400797289536372E-003
  0.40900000000000003        2.8402633509743637E-003
  0.41000000000000003        2.8404482740360965E-003
  0.41100000000000003        2.8406345038454882E-003
  0.41200000000000003        2.8408220461160153E-003
  0.41300000000000003        2.8410109065679502E-003
  0.41400000000000003        2.8412010909282747E-003
  0.41500000000000004        2.8413926049306554E-003
  0.41600000000000004        2.8415854543153369E-003
  0.41699999999999998        2.8417796448291289E-003
  0.41799999999999998        2.8419751822253165E-003
  0.41899999999999998        2.8421720722635949E-003
  0.41999999999999998        2.8423703207100639E-003
  0.42099999999999999        2.8425699333370666E-003
  0.42199999999999999        2.8427709159232354E-003
  0.42299999999999999        2.8429732742533556E-003
  0.42399999999999999        2.8431770141183477E-003
  0.42499999999999999        2.8433821413151837E-003
  0.42599999999999999        2.8435886616468200E-003
  0.42699999999999999        2.8437965809221619E-003
  0.42799999999999999        2.8440059049559862E-003
  0.42899999999999999        2.8442166395688641E-003
  0.42999999999999999        2.8444287905871248E-003
  0.43099999999999999        2.8446423638428049E-003
  0.43200000000000000        2.8448573651734840E-003
  0.43300000000000000        2.8450738004224250E-003
  0.43400000000000000        2.8452916754382425E-003
  0.43500000000000000        2.8455109960751289E-003
  0.43600000000000000        2.8457317681925011E-003
  0.43700000000000000        2.8459539976552145E-003
  0.43800000000000000        2.8461776903332468E-003
  0.43900000000000000        2.8464028521018678E-003
  0.44000000000000000        2.8466294888413323E-003
  0.44100000000000000        2.8468576064370763E-003
  0.44200000000000000        2.8470872107793982E-003
  0.44300000000000000        2.8473183077636186E-003
  0.44400000000000001        2.8475509032898126E-003
  0.44500000000000001        2.8477850032629488E-003
  0.44600000000000001        2.8480206135925966E-003
  0.44700000000000001        2.8482577401931254E-003
  0.44800000000000001        2.8484963889833519E-003
  0.44900000000000001        2.8487365658867330E-003
  0.45000000000000001        2.8489782768311082E-003
  0.45100000000000001        2.8492215277487547E-003
  0.45200000000000001        2.8494663245762579E-003
  0.45300000000000001        2.8497126732544851E-003
  0.45400000000000001        2.8499605797284414E-003
  0.45500000000000002        2.8502100499473355E-003
  0.45600000000000002        2.8504610898643684E-003
  0.45700000000000002        2.8507137054367753E-003
  0.45800000000000002        2.8509679026256893E-003
  0.45900000000000002        2.8512236873961287E-003
  0.46000000000000002        2.8514810657168715E-003
  0.46100000000000002        2.8517400435604232E-003
  0.46200000000000002        2.8520006269029735E-003
  0.46300000000000002        2.8522628217242333E-003
  0.46400000000000002        2.8525266340075129E-003
  0.46500000000000002        2.8527920697394649E-003
  0.46600000000000003        2.8530591349102533E-003
  0.46700000000000003        2.8533278355131974E-003
  0.46800000000000003        2.8535981775450092E-003
  0.46900000000000003        2.8538701670054404E-003
  0.47000000000000003        2.8541438098974451E-003
  0.47100000000000003        2.8544191122269473E-003
  0.47200000000000003        2.8546960800028658E-003
  0.47300000000000003        2.8549747192369791E-003
  0.47400000000000003        2.8552550359439307E-003
  0.47500000000000003        2.8555370361410654E-003
  0.47600000000000003        2.8558207258484619E-003
  0.47700000000000004        2.8561061110887608E-003
  0.47800000000000004        2.8563931978871793E-003
  0.47900000000000004        2.8566819922713916E-003
  0.47999999999999998        2.8569725002714529E-003
  0.48099999999999998        2.8572647279197687E-003
  0.48199999999999998        2.8575586812509962E-003
  0.48299999999999998        2.8578543663019622E-003
  0.48399999999999999        2.8581517891116191E-003
  0.48499999999999999        2.8584509557209453E-003
  0.48599999999999999        2.8587518721729143E-003
  0.48699999999999999        2.8590545445123568E-003
  0.48799999999999999        2.8593589787859687E-003
  0.48899999999999999        2.8596651810421669E-003
  0.48999999999999999        2.8599731573310709E-003
  0.49099999999999999        2.8602829137043761E-003
  0.49199999999999999        2.8605944562153400E-003
  0.49299999999999999        2.8609077909186728E-003
  0.49399999999999999        2.8612229238704641E-003
  0.49500000000000000        2.8615398611281269E-003
  0.49600000000000000        2.8618586087503033E-003
  0.49700000000000000        2.8621791727968270E-003
  0.49800000000000000        2.8625015593286025E-003
  0.49900000000000000        2.8628257744075466E-003
  0.50000000000000000        2.8631518240965592E-003
  0.50100000000000000        2.8634797144593783E-003
  0.50200000000000000        2.8638094515605495E-003
  0.50300000000000000        2.8641410414653548E-003
  0.50400000000000000        2.8644744902397014E-003
  0.50500000000000000        2.8648098039501008E-003
  0.50600000000000001        2.8651469886635224E-003
  0.50700000000000001        2.8654860504474110E-003
  0.50800000000000001        2.8658269953695387E-003
  0.50900000000000001        2.8661698294979170E-003
  0.51000000000000001        2.8665145589008329E-003
  0.51100000000000001        2.8668611896466292E-003
  0.51200000000000001        2.8672097278037365E-003
  0.51300000000000001        2.8675601794405487E-003
  0.51400000000000001        2.8679125506253502E-003
  0.51500000000000001        2.8682668474262650E-003
  0.51600000000000001        2.8686230759111440E-003
  0.51700000000000002        2.8689812421475351E-003
  0.51800000000000002        2.8693413522025372E-003
  0.51900000000000002        2.8697034121428263E-003
  0.52000000000000002        2.8700674280344664E-003
  0.52100000000000002        2.8704334059429246E-003
  0.52200000000000002        2.8708013519329269E-003
  0.52300000000000002        2.8711712720684442E-003
  0.52400000000000002        2.8715431724125589E-003
  0.52500000000000002        2.8719170590274165E-003
  0.52600000000000002        2.8722929379741565E-003
  0.52700000000000002        2.8726708153128128E-003
  0.52800000000000002        2.8730506971022677E-003
  0.52900000000000003        2.8734325894000930E-003
  0.53000000000000003        2.8738164982626334E-003
  0.53100000000000003        2.8742024297447265E-003
  0.53200000000000003        2.8745903898998253E-003
  0.53300000000000003        2.8749803847797246E-003
  0.53400000000000003        2.8753724204346929E-003
  0.53500000000000003        2.8757665029131635E-003
  0.53600000000000003        2.8761626382619115E-003
  0.53700000000000003        2.8765608325256940E-003
  0.53800000000000003        2.8769610917474811E-003
  0.53900000000000003        2.8773634219680542E-003
  0.54000000000000004        2.8777678292262461E-003
  0.54100000000000004        2.8781743195585652E-003
  0.54200000000000004        2.8785828989993868E-003
  0.54300000000000004        2.8789935735806429E-003
  0.54400000000000004        2.8794063493319247E-003
  0.54500000000000004        2.8798212322802830E-003
  0.54600000000000004        2.8802382284502095E-003
  0.54700000000000004        2.8806573438635409E-003
  0.54800000000000004        2.8810785845393965E-003
  0.54900000000000004        2.8815019564940509E-003
  0.55000000000000004        2.8819274657409400E-003
  0.55100000000000005        2.8823551182904803E-003
  0.55200000000000005        2.8827849201500870E-003
  0.55300000000000005        2.8832168773240009E-003
  0.55400000000000005        2.8836509958133217E-003
  0.55500000000000005        2.8840872816157910E-003
  0.55600000000000005        2.8845257407258576E-003
  0.55700000000000005        2.8849663791344678E-003
  0.55800000000000005        2.8854092028291123E-003
  0.55900000000000005        2.8858542177936015E-003
  0.56000000000000005        2.8863014300081528E-003
  0.56100000000000005        2.8867508454491295E-003
  0.56200000000000006        2.8872024700891613E-003
  0.56300000000000006        2.8876563098968562E-003
  0.56400000000000006        2.8881123708369141E-003
  0.56500000000000006        2.8885706588698866E-003
  0.56600000000000006        2.8890311799522153E-003
  0.56700000000000006        2.8894939400360862E-003
  0.56800000000000006        2.8899589450693737E-003
  0.56900000000000006        2.8904262009955533E-003
  0.57000000000000006        2.8908957137536314E-003
  0.57100000000000006        2.8913674892780505E-003
  0.57200000000000006        2.8918415334986251E-003
  0.57300000000000006        2.8923178523404579E-003
  0.57400000000000007        2.8927964517238489E-003
  0.57500000000000007        2.8932773375642189E-003
  0.57600000000000007        2.8937605157720744E-003
  0.57699999999999996        2.8942459922528230E-003
  0.57799999999999996        2.8947337729068236E-003
  0.57899999999999996        2.8952238636291913E-003
  0.57999999999999996        2.8957162703097971E-003
  0.58099999999999996        2.8962109988331518E-003
  0.58199999999999996        2.8967080550783377E-003
  0.58299999999999996        2.8972074449189096E-003
  0.58399999999999996        2.8977091742228493E-003
  0.58499999999999996        2.8982132488524462E-003
  0.58599999999999997        2.8987196746642595E-003
  0.58699999999999997        2.8992284575089966E-003
  0.58799999999999997        2.8997396032314680E-003
  0.58899999999999997        2.9002531176704799E-003
  0.58999999999999997        2.9007690066587761E-003
  0.59099999999999997        2.9012872760229391E-003
  0.59199999999999997        2.9018079315833402E-003
  0.59299999999999997        2.9023309791540064E-003
  0.59399999999999997        2.9028564245426164E-003
  0.59499999999999997        2.9033842735503349E-003
  0.59599999999999997        2.9039145319718104E-003
  0.59699999999999998        2.9044472055950385E-003
  0.59799999999999998        2.9049823002013273E-003
  0.59899999999999998        2.9055198215651684E-003
  0.59999999999999998        2.9060597754542190E-003
  0.60099999999999998        2.9066021676291353E-003
  0.60199999999999998        2.9071470038436217E-003
  0.60299999999999998        2.9076942898441974E-003
  0.60399999999999998        2.9082440313702470E-003
  0.60499999999999998        2.9087962341538599E-003
  0.60599999999999998        2.9093509039197917E-003
  0.60699999999999998        2.9099080463853861E-003
  0.60799999999999998        2.9104676672604391E-003
  0.60899999999999999        2.9110297722472300E-003
  0.60999999999999999        2.9115943670402905E-003
  0.61099999999999999        2.9121614573265173E-003
  0.61199999999999999        2.9127310487848616E-003
  0.61299999999999999        2.9133031470864905E-003
  0.61399999999999999        2.9138777578944933E-003
  0.61499999999999999        2.9144548868639910E-003
  0.61599999999999999        2.9150345396418871E-003
  0.61699999999999999        2.9156167218669419E-003
  0.61799999999999999        2.9162014391695464E-003
  0.61899999999999999        2.9167886971718012E-003
  0.62000000000000000        2.9173785014872610E-003
  0.62100000000000000        2.9179708577210550E-003
  0.62200000000000000        2.9185657714696053E-003
  0.62300000000000000        2.9191632483207245E-003
  0.62400000000000000        2.9197632938533975E-003
  0.62500000000000000        2.9203659136378258E-003
  0.62600000000000000        2.9209711132352229E-003
  0.62700000000000000        2.9215788981978743E-003
  0.62800000000000000        2.9221892740689194E-003
  0.62900000000000000        2.9228022463824023E-003
  0.63000000000000000        2.9234178206630859E-003
  0.63100000000000001        2.9240360024264532E-003
  0.63200000000000001        2.9246567971785813E-003
  0.63300000000000001        2.9252802104160931E-003
  0.63400000000000001        2.9259062476260631E-003
  0.63500000000000001        2.9265349142859293E-003
  0.63600000000000001        2.9271662158634696E-003
  0.63700000000000001        2.9278001578166464E-003
  0.63800000000000001        2.9284367455936081E-003
  0.63900000000000001        2.9290759846325272E-003
  0.64000000000000001        2.9297178803616313E-003
  0.64100000000000001        2.9303624381990028E-003
  0.64200000000000002        2.9310096635526161E-003
  0.64300000000000002        2.9316595618201851E-003
  0.64400000000000002        2.9323121383891069E-003
  0.64500000000000002        2.9329673986364210E-003
  0.64600000000000002        2.9336253479286672E-003
  0.64700000000000002        2.9342859916218805E-003
  0.64800000000000002        2.9349493350614405E-003
  0.64900000000000002        2.9356153835820836E-003
  0.65000000000000002        2.9362841425077356E-003
  0.65100000000000002        2.9369556171515172E-003
  0.65200000000000002        2.9376298128156102E-003
  0.65300000000000002        2.9383067347912000E-003
  0.65400000000000003        2.9389863883584320E-003
  0.65500000000000003        2.9396687787862806E-003
  0.65600000000000003        2.9403539113325270E-003
  0.65700000000000003        2.9410417912436419E-003
  0.65800000000000003        2.9417324237547508E-003
  0.65900000000000003        2.9424258140895139E-003
  0.66000000000000003        2.9431219674601206E-003
  0.66100000000000003        2.9438208890671179E-003
  0.66200000000000003        2.9445225840994392E-003
  0.66300000000000003        2.9452270577342544E-003
  0.66400000000000003        2.9459343151369290E-003
  0.66500000000000004        2.9466443614609788E-003
  0.66600000000000004        2.9473572018479102E-003
  0.66700000000000004        2.9480728414272533E-003
  0.66800000000000004        2.9487912853164121E-003
  0.66900000000000004        2.9495125386206091E-003
  0.67000000000000004        2.9502366064328603E-003
  0.67100000000000004        2.9509634938338133E-003
  0.67200000000000004        2.9516932058917854E-003
  0.67300000000000004        2.9524257476625615E-003
  0.67400000000000004        2.9531611241894709E-003
  0.67500000000000004        2.9538993405031706E-003
  0.67600000000000005        2.9546404016217039E-003
  0.67700000000000005        2.9553843125502957E-003
  0.67800000000000005        2.9561310782814350E-003
  0.67900000000000005        2.9568807037946548E-003
  0.68000000000000005        2.9576331940565593E-003
  0.68100000000000005        2.9583885540207283E-003
  0.68200000000000005        2.9591467886276291E-003
  0.68300000000000005        2.9599079028045649E-003
  0.68400000000000005        2.9606719014656025E-003
  0.68500000000000005        2.9614387895114890E-003
  0.68600000000000005        2.9622085718296115E-003
  0.68700000000000006        2.9629812532938975E-003
  0.68800000000000006        2.9637568387647652E-003
  0.68900000000000006        2.9645353330890350E-003
  0.69000000000000006        2.9653167410998919E-003
  0.69100000000000006        2.9661010676168055E-003
  0.69200000000000006        2.9668883174454011E-003
  0.69300000000000006        2.9676784953775550E-003
  0.69400000000000006        2.9684716061910881E-003
  0.69500000000000006        2.9692676546499348E-003
  0.69600000000000006        2.9700666455039068E-003
  0.69700000000000006        2.9708685834887332E-003
  0.69800000000000006        2.9716734733259108E-003
  0.69900000000000007        2.9724813197227000E-003
  0.70000000000000007        2.9732921273720458E-003
  0.70100000000000007        2.9741059009524753E-003
  0.70200000000000007        2.9749226451280704E-003
  0.70300000000000007        2.9757423645484032E-003
  0.70399999999999996        2.9765650638484279E-003
  0.70499999999999996        2.9773907476484790E-003
  0.70599999999999996        2.9782194205541512E-003
  0.70699999999999996        2.9790510871562630E-003
  0.70799999999999996        2.9798857520307994E-003
  0.70899999999999996        2.9807234197388125E-003
  0.70999999999999996        2.9815640948263845E-003
  0.71099999999999997        2.9824077818245828E-003
  0.71199999999999997        2.9832544852493471E-003
  0.71299999999999997        2.9841042096014647E-003
  0.71399999999999997        2.9849569593665016E-003
  0.71499999999999997        2.9858127390147175E-003
  0.71599999999999997        2.9866715530010358E-003
  0.71699999999999997        2.9875334057649621E-003
  0.71799999999999997        2.9883983017305240E-003
  0.71899999999999997        2.9892662453062237E-003
  0.71999999999999997        2.9901372408849543E-003
  0.72099999999999997        2.9910112928439501E-003
  0.72199999999999998        2.9918884055447357E-003
  0.72299999999999998        2.9927685833330449E-003
  0.72399999999999998        2.9936518305387783E-003
  0.72499999999999998        2.9945381514759522E-003
  0.72599999999999998        2.9954275504425780E-003
  0.72699999999999998        2.9963200317207265E-003
  0.72799999999999998        2.9972155995763002E-003
  0.72899999999999998        2.9981142582591485E-003
  0.72999999999999998        2.9990160120028629E-003
  0.73099999999999998        2.9999208650248322E-003
  0.73199999999999998        3.0008288215261076E-003
  0.73299999999999998        3.0017398856913768E-003
  0.73399999999999999        3.0026540616889140E-003
  0.73499999999999999        3.0035713536705104E-003
  0.73599999999999999        3.0044917657713927E-003
  0.73699999999999999        3.0054153021102461E-003
  0.73799999999999999        3.0063419667890577E-003
  0.73899999999999999        3.0072717638931364E-003
  0.73999999999999999        3.0082046974910098E-003
  0.74099999999999999        3.0091407716344221E-003
  0.74199999999999999        3.0100799903582062E-003
  0.74299999999999999        3.0110223576803089E-003
  0.74399999999999999        3.0119678776016614E-003
  0.74500000000000000        3.0129165541061854E-003
  0.74600000000000000        3.0138683911607243E-003
  0.74700000000000000        3.0148233927149472E-003
  0.74800000000000000        3.0157815627013663E-003
  0.74900000000000000        3.0167429050352258E-003
  0.75000000000000000        3.0177074236144839E-003
  0.75100000000000000        3.0186751223197396E-003
  0.75200000000000000        3.0196460050142047E-003
  0.75300000000000000        3.0206200755436320E-003
  0.75400000000000000        3.0215973377362595E-003
  0.75500000000000000        3.0225777954027968E-003
  0.75600000000000001        3.0235614523363165E-003
  0.75700000000000001        3.0245483123122769E-003
  0.75800000000000001        3.0255383790883843E-003
  0.75900000000000001        3.0265316564046505E-003
  0.76000000000000001        3.0275281479832054E-003
  0.76100000000000001        3.0285278575284376E-003
  0.76200000000000001        3.0295307887267028E-003
  0.76300000000000001        3.0305369452465598E-003
  0.76400000000000001        3.0315463307384037E-003
  0.76500000000000001        3.0325589488347758E-003
  0.76600000000000001        3.0335748031499383E-003
  0.76700000000000002        3.0345938972801867E-003
  0.76800000000000002        3.0356162348034745E-003
  0.76900000000000002        3.0366418192797006E-003
  0.77000000000000002        3.0376706542503112E-003
  0.77100000000000002        3.0387027432386073E-003
  0.77200000000000002        3.0397380897493526E-003
  0.77300000000000002        3.0407766972690817E-003
  0.77400000000000002        3.0418185692656762E-003
  0.77500000000000002        3.0428637091887557E-003
  0.77600000000000002        3.0439121204691466E-003
  0.77700000000000002        3.0449638065193326E-003
  0.77800000000000002        3.0460187707329611E-003
  0.77900000000000003        3.0470770164851869E-003
  0.78000000000000003        3.0481385471322993E-003
  0.78100000000000003        3.0492033660119906E-003
  0.78200000000000003        3.0502714764430038E-003
  0.78300000000000003        3.0513428817253840E-003
  0.78400000000000003        3.0524175851401841E-003
  0.78500000000000003        3.0534955899496523E-003
  0.78600000000000003        3.0545768993969643E-003
  0.78700000000000003        3.0556615167064236E-003
  0.78800000000000003        3.0567494450831675E-003
  0.78900000000000003        3.0578406877133984E-003
  0.79000000000000004        3.0589352477640576E-003
  0.79100000000000004        3.0600331283831038E-003
  0.79200000000000004        3.0611343326991218E-003
  0.79300000000000004        3.0622388638216584E-003
  0.79400000000000004        3.0633467248408187E-003
  0.79500000000000004        3.0644579188275831E-003
  0.79600000000000004        3.0655724488334157E-003
  0.79700000000000004        3.0666903178906009E-003
  0.79800000000000004        3.0678115290118098E-003
  0.79900000000000004        3.0689360851904866E-003
  0.80000000000000004        3.0700639894003837E-003
  0.80100000000000005        3.0711952445959495E-003
  0.80200000000000005        3.0723298537118841E-003
  0.80300000000000005        3.0734678196635040E-003
  0.80400000000000005        3.0746091453463242E-003
  0.80500000000000005        3.0757538336363939E-003
  0.80600000000000005        3.0769018873899054E-003
  0.80700000000000005        3.0780533094435228E-003
  0.80800000000000005        3.0792081026139763E-003
  0.80900000000000005        3.0803662696984287E-003
  0.81000000000000005        3.0815278134740131E-003
  0.81100000000000005        3.0826927366982559E-003
  0.81200000000000006        3.0838610421085946E-003
  0.81300000000000006        3.0850327324227810E-003
  0.81400000000000006        3.0862078103384340E-003
  0.81500000000000006        3.0873862785334295E-003
  0.81600000000000006        3.0885681396654470E-003
  0.81700000000000006        3.0897533963723631E-003
  0.81800000000000006        3.0909420512717895E-003
  0.81900000000000006        3.0921341069615237E-003
  0.82000000000000006        3.0933295660189849E-003
  0.82100000000000006        3.0945284310017586E-003
  0.82200000000000006        3.0957307044469982E-003
  0.82300000000000006        3.0969363888719843E-003
  0.82400000000000007        3.0981454867734454E-003
  0.82500000000000007        3.0993580006282882E-003
  0.82600000000000007        3.1005739328927137E-003
  0.82700000000000007        3.1017932860031450E-003
  0.82800000000000007        3.1030160623751624E-003
  0.82900000000000007        3.1042422644046034E-003
  0.83000000000000007        3.1054718944663463E-003
  0.83100000000000007        3.1067049549155321E-003
  0.83200000000000007        3.1079414480862577E-003
  0.83299999999999996        3.1091813762928688E-003
  0.83399999999999996        3.1104247418285943E-003
  0.83499999999999996        3.1116715469668979E-003
  0.83599999999999997        3.1129217939600555E-003
  0.83699999999999997        3.1141754850405453E-003
  0.83799999999999997        3.1154326224196345E-003
  0.83899999999999997        3.1166932082887233E-003
  0.83999999999999997        3.1179572448179942E-003
  0.84099999999999997        3.1192247341576733E-003
  0.84199999999999997        3.1204956784368003E-003
  0.84299999999999997        3.1217700797643542E-003
  0.84399999999999997        3.1230479402281379E-003
  0.84499999999999997        3.1243292618958192E-003
  0.84599999999999997        3.1256140468139066E-003
  0.84699999999999998        3.1269022970086793E-003
  0.84799999999999998        3.1281940144852766E-003
  0.84899999999999998        3.1294892012285239E-003
  0.84999999999999998        3.1307878592021334E-003
  0.85099999999999998        3.1320899903494064E-003
  0.85199999999999998        3.1333955965925754E-003
  0.85299999999999998        3.1347046798333596E-003
  0.85399999999999998        3.1360172419524403E-003
  0.85499999999999998        3.1373332848098987E-003
  0.85599999999999998        3.1386528102448200E-003
  0.85699999999999998        3.1399758200755909E-003
  0.85799999999999998        3.1413023160996516E-003
  0.85899999999999999        3.1426323000936234E-003
  0.85999999999999999        3.1439657738132573E-003
  0.86099999999999999        3.1453027389933899E-003
  0.86199999999999999        3.1466431973480005E-003
  0.86299999999999999        3.1479871505701346E-003
  0.86399999999999999        3.1493346003319254E-003
  0.86499999999999999        3.1506855482845786E-003
  0.86599999999999999        3.1520399960583709E-003
  0.86699999999999999        3.1533979452626243E-003
  0.86799999999999999        3.1547593974857076E-003
  0.86899999999999999        3.1561243542950232E-003
  0.87000000000000000        3.1574928172370038E-003
  0.87100000000000000        3.1588647878371041E-003
  0.87200000000000000        3.1602402675997869E-003
  0.87300000000000000        3.1616192580085334E-003
  0.87400000000000000        3.1630017605257985E-003
  0.87500000000000000        3.1643877765930575E-003
  0.87600000000000000        3.1657773076307605E-003
  0.87700000000000000        3.1671703550383381E-003
  0.87800000000000000        3.1685669201942006E-003
  0.87900000000000000        3.1699670044557210E-003
  0.88000000000000000        3.1713706091592579E-003
  0.88100000000000001        3.1727777356201168E-003
  0.88200000000000001        3.1741883851325774E-003
  0.88300000000000001        3.1756025589698548E-003
  0.88400000000000001        3.1770202583841427E-003
  0.88500000000000001        3.1784414846065725E-003
  0.88600000000000001        3.1798662388472128E-003
  0.88700000000000001        3.1812945222951094E-003
  0.88800000000000001        3.1827263361182299E-003
  0.88900000000000001        3.1841616814634907E-003
  0.89000000000000001        3.1856005594567628E-003
  0.89100000000000001        3.1870429712028466E-003
  0.89200000000000002        3.1884889177855049E-003
  0.89300000000000002        3.1899384002674162E-003
  0.89400000000000002        3.1913914196902400E-003
  0.89500000000000002        3.1928479770745553E-003
  0.89600000000000002        3.1943080734199111E-003
  0.89700000000000002        3.1957717097047633E-003
  0.89800000000000002        3.1972388868865822E-003
  0.89900000000000002        3.1987096059017325E-003
  0.90000000000000002        3.2001838676655949E-003
  0.90100000000000002        3.2016616730724452E-003
  0.90200000000000002        3.2031430229955966E-003
  0.90300000000000002        3.2046279182872555E-003
  0.90400000000000003        3.2061163597786736E-003
  0.90500000000000003        3.2076083482800210E-003
  0.90600000000000003        3.2091038845804957E-003
  0.90700000000000003        3.2106029694482486E-003
  0.90800000000000003        3.2121056036304519E-003
  0.90900000000000003        3.2136117878532686E-003
  0.91000000000000003        3.2151215228218557E-003
  0.91100000000000003        3.2166348092204223E-003
  0.91200000000000003        3.2181516477121407E-003
  0.91300000000000003        3.2196720389392709E-003
  0.91400000000000003        3.2211959835230677E-003
  0.91500000000000004        3.2227234820638479E-003
  0.91600000000000004        3.2242545351409829E-003
  0.91700000000000004        3.2257891433129112E-003
  0.91800000000000004        3.2273273071171185E-003
  0.91900000000000004        3.2288690270702125E-003
  0.92000000000000004        3.2304143036678383E-003
  0.92100000000000004        3.2319631373848062E-003
  0.92200000000000004        3.2335155286749885E-003
  0.92300000000000004        3.2350714779713959E-003
  0.92400000000000004        3.2366309856861970E-003
  0.92500000000000004        3.2381940522106583E-003
  0.92600000000000005        3.2397606779152564E-003
  0.92700000000000005        3.2413308631496079E-003
  0.92800000000000005        3.2429046082425176E-003
  0.92900000000000005        3.2444819135019937E-003
  0.93000000000000005        3.2460627792152527E-003
  0.93100000000000005        3.2476472056487266E-003
  0.93200000000000005        3.2492351930480945E-003
  0.93300000000000005        3.2508267416382786E-003
  0.93400000000000005        3.2524218516234867E-003
  0.93500000000000005        3.2540205231871636E-003
  0.93600000000000005        3.2556227564921273E-003
  0.93700000000000006        3.2572285516803989E-003
  0.93800000000000006        3.2588379088734627E-003
  0.93900000000000006        3.2604508281720030E-003
  0.94000000000000006        3.2620673096562004E-003
  0.94100000000000006        3.2636873533854948E-003
  0.94200000000000006        3.2653109593988273E-003
  0.94300000000000006        3.2669381277144506E-003
  0.94400000000000006        3.2685688583301434E-003
  0.94500000000000006        3.2702031512230438E-003
  0.94600000000000006        3.2718410063498436E-003
  0.94700000000000006        3.2734824236466354E-003
  0.94800000000000006        3.2751274030290837E-003
  0.94900000000000007        3.2767759443923460E-003
  0.95000000000000007        3.2784280476111155E-003
  0.95100000000000007        3.2800837125396831E-003
  0.95200000000000007        3.2817429390118611E-003
  0.95300000000000007        3.2834057268411715E-003
  0.95400000000000007        3.2850720758206301E-003
  0.95500000000000007        3.2867419857230090E-003
  0.95600000000000007        3.2884154563006889E-003
  0.95700000000000007        3.2900924872857518E-003
  0.95800000000000007        3.2917730783900024E-003
  0.95900000000000007        3.2934572293049718E-003
  0.95999999999999996        3.2951449397019398E-003
  0.96099999999999997        3.2968362092319877E-003
  0.96199999999999997        3.2985310375259667E-003
  0.96299999999999997        3.3002294241945840E-003
  0.96399999999999997        3.3019313688283803E-003
  0.96499999999999997        3.3036368709977765E-003
  0.96599999999999997        3.3053459302530880E-003
  0.96699999999999997        3.3070585461245508E-003
  0.96799999999999997        3.3087747181223498E-003
  0.96899999999999997        3.3104944457366518E-003
  0.96999999999999997        3.3122177284375972E-003
  0.97099999999999997        3.3139445656753925E-003
  0.97199999999999998        3.3156749568802350E-003
  0.97299999999999998        3.3174089014624702E-003
  0.97399999999999998        3.3191463988124573E-003
  0.97499999999999998        3.3208874483007800E-003
  0.97599999999999998        3.3226320492780962E-003
  0.97699999999999998        3.3243802010753114E-003
  0.97799999999999998        3.3261319030034762E-003
  0.97899999999999998        3.3278871543539479E-003
  0.97999999999999998        3.3296459543983043E-003
  0.98099999999999998        3.3314083023884408E-003
  0.98199999999999998        3.3331741975565535E-003
  0.98299999999999998        3.3349436391152260E-003
  0.98399999999999999        3.3367166262573832E-003
  0.98499999999999999        3.3384931581563956E-003
  0.98599999999999999        3.3402732339660418E-003
  0.98699999999999999        3.3420568528206053E-003
  0.98799999999999999        3.3438440138348373E-003
  0.98899999999999999        3.3456347161040516E-003
  0.98999999999999999        3.3474289587040922E-003
  0.99099999999999999        3.3492267406914126E-003
  0.99199999999999999        3.3510280611030873E-003
  0.99299999999999999        3.3528329189568408E-003
  0.99399999999999999        3.3546413132510920E-003
  0.99500000000000000        3.3564532429649538E-003
  0.99600000000000000        3.3582687070583300E-003
  0.99700000000000000        3.3600877044718570E-003
  0.99800000000000000        3.3619102341270334E-003
  0.99900000000000000        3.3637362949261586E-003
   1.0000000000000000        3.3655658857524532E-003
