   0.0000000000000000       0.70710678125736459     
   1.0000000000000000E-003  0.70710678146981532     
   2.0000000000000000E-003  0.70710678182389675     
   3.0000000000000001E-003  0.70710678231961133     
   4.0000000000000001E-003  0.70710678295695251     
   5.0000000000000001E-003  0.70710678373592317     
   6.0000000000000001E-003  0.70710678465651522     
   7.0000000000000001E-003  0.70710678571872754     
   8.0000000000000002E-003  0.70710678692255435     
   9.0000000000000011E-003  0.70710678826799245     
   1.0000000000000000E-002  0.70710678975503594     
   1.0999999999999999E-002  0.70710679138367849     
   1.2000000000000000E-002  0.70710679315391367     
   1.3000000000000001E-002  0.70710679506573471     
   1.4000000000000000E-002  0.70710679711913371     
   1.4999999999999999E-002  0.70710679931410225     
   1.6000000000000000E-002  0.70710680165063300     
   1.7000000000000001E-002  0.70710680412871441     
   1.8000000000000002E-002  0.70710680674833737     
   1.9000000000000000E-002  0.70710680950949223     
   2.0000000000000000E-002  0.70710681241216700     
   2.1000000000000001E-002  0.70710681545635079     
   2.1999999999999999E-002  0.70710681864203051     
   2.3000000000000000E-002  0.70710682196919417     
   2.4000000000000000E-002  0.70710682543782877     
   2.5000000000000001E-002  0.70710682904791855     
   2.6000000000000002E-002  0.70710683279945108     
   2.7000000000000000E-002  0.70710683669241159     
   2.8000000000000001E-002  0.70710684072678076     
   2.9000000000000001E-002  0.70710684490254805     
   2.9999999999999999E-002  0.70710684921969280     
   3.1000000000000000E-002  0.70710685367819914     
   3.2000000000000001E-002  0.70710685827804909     
   3.3000000000000002E-002  0.70710686301922299     
   3.4000000000000002E-002  0.70710686790170463     
   3.5000000000000003E-002  0.70710687292547203     
   3.6000000000000004E-002  0.70710687809050610     
   3.6999999999999998E-002  0.70710688339678585     
   3.7999999999999999E-002  0.70710688884428996     
   3.9000000000000000E-002  0.70710689443299890     
   4.0000000000000001E-002  0.70710690016288458     
   4.1000000000000002E-002  0.70710690603393112     
   4.2000000000000003E-002  0.70710691204610898     
   4.3000000000000003E-002  0.70710691819939875     
   4.3999999999999997E-002  0.70710692449377255     
   4.4999999999999998E-002  0.70710693092920784     
   4.5999999999999999E-002  0.70710693750567677     
   4.7000000000000000E-002  0.70710694422315201     
   4.8000000000000001E-002  0.70710695108161281     
   4.9000000000000002E-002  0.70710695808102242     
   5.0000000000000003E-002  0.70710696522136207     
   5.1000000000000004E-002  0.70710697250259480     
   5.2000000000000005E-002  0.70710697992470062     
   5.2999999999999999E-002  0.70710698748763867     
   5.3999999999999999E-002  0.70710699519138953     
   5.5000000000000000E-002  0.70710700303591478     
   5.6000000000000001E-002  0.70710701102118811     
   5.7000000000000002E-002  0.70710701914717333     
   5.8000000000000003E-002  0.70710702741384224     
   5.9000000000000004E-002  0.70710703582115753     
   5.9999999999999998E-002  0.70710704436908922     
   6.0999999999999999E-002  0.70710705305759802     
   6.2000000000000000E-002  0.70710706188665506     
   6.3000000000000000E-002  0.70710707085622360     
   6.4000000000000001E-002  0.70710707996626443     
   6.5000000000000002E-002  0.70710708921674459     
   6.6000000000000003E-002  0.70710709860762433     
   6.7000000000000004E-002  0.70710710813886901     
   6.8000000000000005E-002  0.70710711781043833     
   6.9000000000000006E-002  0.70710712762229322     
   7.0000000000000007E-002  0.70710713757439814     
   7.1000000000000008E-002  0.70710714766670635     
   7.2000000000000008E-002  0.70710715789918710     
   7.2999999999999995E-002  0.70710716827178743     
   7.3999999999999996E-002  0.70710717878448237     
   7.4999999999999997E-002  0.70710718943720685     
   7.5999999999999998E-002  0.70710720022994522     
   7.6999999999999999E-002  0.70710721116262576     
   7.8000000000000000E-002  0.70710722223523581     
   7.9000000000000001E-002  0.70710723344769677     
   8.0000000000000002E-002  0.70710724479999898     
   8.1000000000000003E-002  0.70710725629206272     
   8.2000000000000003E-002  0.70710726792387690     
   8.3000000000000004E-002  0.70710727969535814     
   8.4000000000000005E-002  0.70710729160649732     
   8.5000000000000006E-002  0.70710730365720809     
   8.6000000000000007E-002  0.70710731584748232     
   8.7000000000000008E-002  0.70710732817723065     
   8.7999999999999995E-002  0.70710734064644176     
   8.8999999999999996E-002  0.70710735325503082     
   8.9999999999999997E-002  0.70710736600298185     
   9.0999999999999998E-002  0.70710737889020847     
   9.1999999999999998E-002  0.70710739191669481     
   9.2999999999999999E-002  0.70710740508235526     
   9.4000000000000000E-002  0.70710741838716551     
   9.5000000000000001E-002  0.70710743183104774     
   9.6000000000000002E-002  0.70710744541397241     
   9.7000000000000003E-002  0.70710745913586026     
   9.8000000000000004E-002  0.70710747299668164     
   9.9000000000000005E-002  0.70710748699635662     
  0.10000000000000001       0.70710750113485088     
  0.10100000000000001       0.70710751541208838     
  0.10200000000000001       0.70710752982803160     
  0.10300000000000001       0.70710754438260237     
  0.10400000000000001       0.70710755907576206     
  0.10500000000000000       0.70710757390743606     
  0.10600000000000000       0.70710758887757663     
  0.10700000000000000       0.70710760398611516     
  0.10800000000000000       0.70710761923299537     
  0.10900000000000000       0.70710763461815707     
  0.11000000000000000       0.70710765014153809     
  0.11100000000000000       0.70710766580307327     
  0.11200000000000000       0.70710768160270543     
  0.11300000000000000       0.70710769754036484     
  0.11400000000000000       0.70710771361599334     
  0.11500000000000000       0.70710772982952363     
  0.11600000000000001       0.70710774618089112     
  0.11700000000000001       0.70710776267003139     
  0.11800000000000001       0.70710777929687818     
  0.11900000000000001       0.70710779606136509     
  0.12000000000000000       0.70710781296342340     
  0.12100000000000000       0.70710783000298760     
  0.12200000000000000       0.70710784717998831     
  0.12300000000000000       0.70710786449435803     
  0.12400000000000000       0.70710788194602525     
  0.12500000000000000       0.70710789953492215     
  0.12600000000000000       0.70710791726097744     
  0.12700000000000000       0.70710793512412062     
  0.12800000000000000       0.70710795312428021     
  0.12900000000000000       0.70710797126138381     
  0.13000000000000000       0.70710798953535858     
  0.13100000000000001       0.70710800794613260     
  0.13200000000000001       0.70710802649362980     
  0.13300000000000001       0.70710804517777925     
  0.13400000000000001       0.70710806399850246     
  0.13500000000000001       0.70710808295572902     
  0.13600000000000001       0.70710810204937813     
  0.13700000000000001       0.70710812127937739     
  0.13800000000000001       0.70710814064564631     
  0.13900000000000001       0.70710816014811051     
  0.14000000000000001       0.70710817978668961     
  0.14100000000000001       0.70710819956130566     
  0.14200000000000002       0.70710821947188096     
  0.14300000000000002       0.70710823951833246     
  0.14400000000000002       0.70710825970058611     
  0.14499999999999999       0.70710828001855197     
  0.14599999999999999       0.70710830047215778     
  0.14699999999999999       0.70710832106131671     
  0.14799999999999999       0.70710834178594850     
  0.14899999999999999       0.70710836264596721     
  0.14999999999999999       0.70710838364129436     
  0.15100000000000000       0.70710840477183723     
  0.15200000000000000       0.70710842603752633     
  0.15300000000000000       0.70710844743825896     
  0.15400000000000000       0.70710846897396329     
  0.15500000000000000       0.70710849064454517     
  0.15600000000000000       0.70710851244991990     
  0.15700000000000000       0.70710853439000243     
  0.15800000000000000       0.70710855646470228     
  0.15900000000000000       0.70710857867393206     
  0.16000000000000000       0.70710860101760464     
  0.16100000000000000       0.70710862349562631     
  0.16200000000000001       0.70710864610791113     
  0.16300000000000001       0.70710866885436741     
  0.16400000000000001       0.70710869173490243     
  0.16500000000000001       0.70710871474942805     
  0.16600000000000001       0.70710873789784889     
  0.16700000000000001       0.70710876118007604     
  0.16800000000000001       0.70710878459601123     
  0.16900000000000001       0.70710880814556509     
  0.17000000000000001       0.70710883182864137     
  0.17100000000000001       0.70710885564514636     
  0.17200000000000001       0.70710887959498436     
  0.17300000000000001       0.70710890367805901     
  0.17400000000000002       0.70710892789427338     
  0.17500000000000002       0.70710895224353221     
  0.17599999999999999       0.70710897672573902     
  0.17699999999999999       0.70710900134079135     
  0.17799999999999999       0.70710902608859705     
  0.17899999999999999       0.70710905096904886     
  0.17999999999999999       0.70710907598205675     
  0.18099999999999999       0.70710910112751135     
  0.18200000000000000       0.70710912640532297     
  0.18300000000000000       0.70710915181537382     
  0.18400000000000000       0.70710917735758505     
  0.18500000000000000       0.70710920303182967     
  0.18600000000000000       0.70710922883802718     
  0.18700000000000000       0.70710925477605469     
  0.18800000000000000       0.70710928084582758     
  0.18900000000000000       0.70710930704722619     
  0.19000000000000000       0.70710933338015303     
  0.19100000000000000       0.70710935984450096     
  0.19200000000000000       0.70710938644016486     
  0.19300000000000000       0.70710941316703735     
  0.19400000000000001       0.70710944002501142     
  0.19500000000000001       0.70710946701397959     
  0.19600000000000001       0.70710949413383517     
  0.19700000000000001       0.70710952138446859     
  0.19800000000000001       0.70710954876577214     
  0.19900000000000001       0.70710957627763316     
  0.20000000000000001       0.70710960391994360     
  0.20100000000000001       0.70710963169259422     
  0.20200000000000001       0.70710965959547267     
  0.20300000000000001       0.70710968762846516     
  0.20400000000000001       0.70710971579146265     
  0.20500000000000002       0.70710974408435046     
  0.20600000000000002       0.70710977250701879     
  0.20700000000000002       0.70710980105934629     
  0.20800000000000002       0.70710982974122938     
  0.20899999999999999       0.70710985855254327     
  0.20999999999999999       0.70710988749318049     
  0.21099999999999999       0.70710991656301891     
  0.21199999999999999       0.70710994576194575     
  0.21299999999999999       0.70710997508984419     
  0.21400000000000000       0.70711000454659456     
  0.21500000000000000       0.70711003413208395     
  0.21600000000000000       0.70711006384618680     
  0.21700000000000000       0.70711009368879152     
  0.21800000000000000       0.70711012365977344     
  0.21900000000000000       0.70711015375901476     
  0.22000000000000000       0.70711018398639491     
  0.22100000000000000       0.70711021434179144     
  0.22200000000000000       0.70711024482508644     
  0.22300000000000000       0.70711027543615357     
  0.22400000000000000       0.70711030617487436     
  0.22500000000000001       0.70711033704112225     
  0.22600000000000001       0.70711036803477689     
  0.22700000000000001       0.70711039915571050     
  0.22800000000000001       0.70711043040380406     
  0.22900000000000001       0.70711046177892656     
  0.23000000000000001       0.70711049328095754     
  0.23100000000000001       0.70711052490976656     
  0.23200000000000001       0.70711055666523037     
  0.23300000000000001       0.70711058854722120     
  0.23400000000000001       0.70711062055560781     
  0.23500000000000001       0.70711065269027118     
  0.23600000000000002       0.70711068495106821     
  0.23700000000000002       0.70711071733788666     
  0.23800000000000002       0.70711074985058409     
  0.23900000000000002       0.70711078248903758     
  0.23999999999999999       0.70711081525311248     
  0.24099999999999999       0.70711084814267877     
  0.24199999999999999       0.70711088115760534     
  0.24299999999999999       0.70711091429776152     
  0.24399999999999999       0.70711094756301196     
  0.24500000000000000       0.70711098095322311     
  0.24600000000000000       0.70711101446826530     
  0.24700000000000000       0.70711104810800129     
  0.24800000000000000       0.70711108187229776     
  0.24900000000000000       0.70711111576102048     
  0.25000000000000000       0.70711114977403067     
  0.25100000000000000       0.70711118391119387     
  0.25200000000000000       0.70711121817237665     
  0.25300000000000000       0.70711125255743423     
  0.25400000000000000       0.70711128706623760     
  0.25500000000000000       0.70711132169864277     
  0.25600000000000001       0.70711135645451551     
  0.25700000000000001       0.70711139133371326     
  0.25800000000000001       0.70711142633609769     
  0.25900000000000001       0.70711146146152859     
  0.26000000000000001       0.70711149670986650     
  0.26100000000000001       0.70711153208096744     
  0.26200000000000001       0.70711156757469396     
  0.26300000000000001       0.70711160319090105     
  0.26400000000000001       0.70711163892944728     
  0.26500000000000001       0.70711167479018955     
  0.26600000000000001       0.70711171077298385     
  0.26700000000000002       0.70711174687768696     
  0.26800000000000002       0.70711178310415423     
  0.26900000000000002       0.70711181945224189     
  0.27000000000000002       0.70711185592180015     
  0.27100000000000002       0.70711189251268980     
  0.27200000000000002       0.70711192922475619     
  0.27300000000000002       0.70711196605786242     
  0.27400000000000002       0.70711200301184962     
  0.27500000000000002       0.70711204008658279     
  0.27600000000000002       0.70711207728190062     
  0.27700000000000002       0.70711211459766465     
  0.27800000000000002       0.70711215203372024     
  0.27900000000000003       0.70711218958991806     
  0.28000000000000003       0.70711222726610834     
  0.28100000000000003       0.70711226506214131     
  0.28200000000000003       0.70711230297786598     
  0.28300000000000003       0.70711234101312714     
  0.28400000000000003       0.70711237916777570     
  0.28500000000000003       0.70711241744165920     
  0.28600000000000003       0.70711245583462368     
  0.28700000000000003       0.70711249434651502     
  0.28800000000000003       0.70711253297717880     
  0.28899999999999998       0.70711257172646136     
  0.28999999999999998       0.70711261059420838     
  0.29099999999999998       0.70711264958026343     
  0.29199999999999998       0.70711268868446919     
  0.29299999999999998       0.70711272790667390     
  0.29399999999999998       0.70711276724671268     
  0.29499999999999998       0.70711280670443777     
  0.29599999999999999       0.70711284627967919     
  0.29699999999999999       0.70711288597229449     
  0.29799999999999999       0.70711292578210738     
  0.29899999999999999       0.70711296570897597     
  0.29999999999999999       0.70711300575272018     
  0.30099999999999999       0.70711304591320556     
  0.30199999999999999       0.70711308619024260     
  0.30299999999999999       0.70711312658369707     
  0.30399999999999999       0.70711316709338334     
  0.30499999999999999       0.70711320771916453     
  0.30599999999999999       0.70711324846085044     
  0.30700000000000000       0.70711328931830575     
  0.30800000000000000       0.70711333029134027     
  0.30900000000000000       0.70711337137981300     
  0.31000000000000000       0.70711341258354232     
  0.31100000000000000       0.70711345390237890     
  0.31200000000000000       0.70711349533614021     
  0.31300000000000000       0.70711353688467882     
  0.31400000000000000       0.70711357854780921     
  0.31500000000000000       0.70711362032538372     
  0.31600000000000000       0.70711366221721894     
  0.31700000000000000       0.70711370422316033     
  0.31800000000000000       0.70711374634302748     
  0.31900000000000001       0.70711378857666474     
  0.32000000000000001       0.70711383092389102     
  0.32100000000000001       0.70711387338454668     
  0.32200000000000001       0.70711391595845485     
  0.32300000000000001       0.70711395864545024     
  0.32400000000000001       0.70711400144535741     
  0.32500000000000001       0.70711404435800951     
  0.32600000000000001       0.70711408738323178     
  0.32700000000000001       0.70711413052085281     
  0.32800000000000001       0.70711417377070129     
  0.32900000000000001       0.70711421713260203     
  0.33000000000000002       0.70711426060638283     
  0.33100000000000002       0.70711430419186783     
  0.33200000000000002       0.70711434788888816     
  0.33300000000000002       0.70711439169726065     
  0.33400000000000002       0.70711443561681786     
  0.33500000000000002       0.70711447964737917     
  0.33600000000000002       0.70711452378877004     
  0.33700000000000002       0.70711456804081529     
  0.33800000000000002       0.70711461240333562     
  0.33900000000000002       0.70711465687615327     
  0.34000000000000002       0.70711470145909128     
  0.34100000000000003       0.70711474615197178     
  0.34200000000000003       0.70711479095461527     
  0.34300000000000003       0.70711483586684176     
  0.34400000000000003       0.70711488088847396     
  0.34500000000000003       0.70711492601932890     
  0.34600000000000003       0.70711497125922784     
  0.34700000000000003       0.70711501660798881     
  0.34800000000000003       0.70711506206543129     
  0.34900000000000003       0.70711510763137120     
  0.35000000000000003       0.70711515330562991     
  0.35100000000000003       0.70711519908802156     
  0.35199999999999998       0.70711524497836276     
  0.35299999999999998       0.70711529097647319     
  0.35399999999999998       0.70711533708216590     
  0.35499999999999998       0.70711538329525769     
  0.35599999999999998       0.70711542961556262     
  0.35699999999999998       0.70711547604289626     
  0.35799999999999998       0.70711552257707255     
  0.35899999999999999       0.70711556921790564     
  0.35999999999999999       0.70711561596520656     
  0.36099999999999999       0.70711566281879279     
  0.36199999999999999       0.70711570977847105     
  0.36299999999999999       0.70711575684406103     
  0.36399999999999999       0.70711580401536633     
  0.36499999999999999       0.70711585129220500     
  0.36599999999999999       0.70711589867438107     
  0.36699999999999999       0.70711594616171247     
  0.36799999999999999       0.70711599375400302     
  0.36899999999999999       0.70711604145106477     
  0.37000000000000000       0.70711608925270775     
  0.37100000000000000       0.70711613715873922     
  0.37200000000000000       0.70711618516896790     
  0.37300000000000000       0.70711623328320217     
  0.37400000000000000       0.70711628150124950     
  0.37500000000000000       0.70711632982291606     
  0.37600000000000000       0.70711637824800977     
  0.37700000000000000       0.70711642677633479     
  0.37800000000000000       0.70711647540769895     
  0.37900000000000000       0.70711652414190651     
  0.38000000000000000       0.70711657297876329     
  0.38100000000000001       0.70711662191807412     
  0.38200000000000001       0.70711667095964303     
  0.38300000000000001       0.70711672010327142     
  0.38400000000000001       0.70711676934876810     
  0.38500000000000001       0.70711681869592935     
  0.38600000000000001       0.70711686814456132     
  0.38700000000000001       0.70711691769446727     
  0.38800000000000001       0.70711696734544538     
  0.38900000000000001       0.70711701709730201     
  0.39000000000000001       0.70711706694983190     
  0.39100000000000001       0.70711711690284051     
  0.39200000000000002       0.70711716695612603     
  0.39300000000000002       0.70711721710948827     
  0.39400000000000002       0.70711726736272618     
  0.39500000000000002       0.70711731771564101     
  0.39600000000000002       0.70711736816802662     
  0.39700000000000002       0.70711741871968681     
  0.39800000000000002       0.70711746937041475     
  0.39900000000000002       0.70711752012001061     
  0.40000000000000002       0.70711757096826877     
  0.40100000000000002       0.70711762191498850     
  0.40200000000000002       0.70711767295996442     
  0.40300000000000002       0.70711772410299290     
  0.40400000000000003       0.70711777534386888     
  0.40500000000000003       0.70711782668238610     
  0.40600000000000003       0.70711787811834226     
  0.40700000000000003       0.70711792965152842     
  0.40800000000000003       0.70711798128174019     
  0.40900000000000003       0.70711803300877052     
  0.41000000000000003       0.70711808483241334     
  0.41100000000000003       0.70711813675245927     
  0.41200000000000003       0.70711818876870181     
  0.41300000000000003       0.70711824088093311     
  0.41400000000000003       0.70711829308894469     
  0.41500000000000004       0.70711834539252549     
  0.41600000000000004       0.70711839779147001     
  0.41699999999999998       0.70711845028556553     
  0.41799999999999998       0.70711850287460210     
  0.41899999999999998       0.70711855555837322     
  0.41999999999999998       0.70711860833666196     
  0.42099999999999999       0.70711866120926137     
  0.42199999999999999       0.70711871417596006     
  0.42299999999999999       0.70711876723654499     
  0.42399999999999999       0.70711882039080165     
  0.42499999999999999       0.70711887363851955     
  0.42599999999999999       0.70711892697948708     
  0.42699999999999999       0.70711898041348842     
  0.42799999999999999       0.70711903394031006     
  0.42899999999999999       0.70711908755973973     
  0.42999999999999999       0.70711914127156172     
  0.43099999999999999       0.70711919507555698     
  0.43200000000000000       0.70711924897152123     
  0.43300000000000000       0.70711930295922309     
  0.43400000000000000       0.70711935703846496     
  0.43500000000000000       0.70711941120901045     
  0.43600000000000000       0.70711946547066229     
  0.43700000000000000       0.70711951982318633     
  0.43800000000000000       0.70711957426638028     
  0.43900000000000000       0.70711962880001200     
  0.44000000000000000       0.70711968342387843     
  0.44100000000000000       0.70711973813774409     
  0.44200000000000000       0.70711979294140503     
  0.44300000000000000       0.70711984783462933     
  0.44400000000000001       0.70711990281721260     
  0.44500000000000001       0.70711995788891746     
  0.44600000000000001       0.70712001304954053     
  0.44700000000000001       0.70712006829884266     
  0.44800000000000001       0.70712012363662125     
  0.44900000000000001       0.70712017906264224     
  0.45000000000000001       0.70712023457668904     
  0.45100000000000001       0.70712029017853884     
  0.45200000000000001       0.70712034586797001     
  0.45300000000000001       0.70712040164475465     
  0.45400000000000001       0.70712045750867847     
  0.45500000000000002       0.70712051345950966     
  0.45600000000000002       0.70712056949702884     
  0.45700000000000002       0.70712062562100975     
  0.45800000000000002       0.70712068183123045     
  0.45900000000000002       0.70712073812746323     
  0.46000000000000002       0.70712079450948373     
  0.46100000000000002       0.70712085097706823     
  0.46200000000000002       0.70712090752998535     
  0.46300000000000002       0.70712096416801851     
  0.46400000000000002       0.70712102089092699     
  0.46500000000000002       0.70712107769850152     
  0.46600000000000003       0.70712113459049597     
  0.46700000000000003       0.70712119156670150     
  0.46800000000000003       0.70712124862687065     
  0.46900000000000003       0.70712130577079357     
  0.47000000000000003       0.70712136299822859     
  0.47100000000000003       0.70712142030895309     
  0.47200000000000003       0.70712147770273415     
  0.47300000000000003       0.70712153517934628     
  0.47400000000000003       0.70712159273855379     
  0.47500000000000003       0.70712165038013353     
  0.47600000000000003       0.70712170810384889     
  0.47700000000000004       0.70712176590947229     
  0.47800000000000004       0.70712182379677102     
  0.47900000000000004       0.70712188176551261     
  0.47999999999999998       0.70712193981546867     
  0.48099999999999998       0.70712199794640351     
  0.48199999999999998       0.70712205615808443     
  0.48299999999999998       0.70712211445028006     
  0.48399999999999999       0.70712217282275647     
  0.48499999999999999       0.70712223127528162     
  0.48599999999999999       0.70712228980761871     
  0.48699999999999999       0.70712234841953736     
  0.48799999999999999       0.70712240711079899     
  0.48899999999999999       0.70712246588117189     
  0.48999999999999999       0.70712252473041826     
  0.49099999999999999       0.70712258365830449     
  0.49199999999999999       0.70712264266459579     
  0.49299999999999999       0.70712270174905478     
  0.49399999999999999       0.70712276091144199     
  0.49500000000000000       0.70712282015152583     
  0.49600000000000000       0.70712287946906893     
  0.49700000000000000       0.70712293886382838     
  0.49800000000000000       0.70712299833557046     
  0.49900000000000000       0.70712305788405982     
  0.50000000000000000       0.70712311750905454     
  0.50100000000000000       0.70712317721031681     
  0.50200000000000000       0.70712323698760748     
  0.50300000000000000       0.70712329684068753     
  0.50400000000000000       0.70712335676931881     
  0.50500000000000000       0.70712341677325785     
  0.50600000000000001       0.70712347685227095     
  0.50700000000000001       0.70712353700611197     
  0.50800000000000001       0.70712359723454021     
  0.50900000000000001       0.70712365753732109     
  0.51000000000000001       0.70712371791420459     
  0.51100000000000001       0.70712377836495621     
  0.51200000000000001       0.70712383888932984     
  0.51300000000000001       0.70712389948708643     
  0.51400000000000001       0.70712396015797963     
  0.51500000000000001       0.70712402090177107     
  0.51600000000000001       0.70712408171821617     
  0.51700000000000002       0.70712414260706757     
  0.51800000000000002       0.70712420356808825     
  0.51900000000000002       0.70712426460102962     
  0.52000000000000002       0.70712432570565087     
  0.52100000000000002       0.70712438688170387     
  0.52200000000000002       0.70712444812894537     
  0.52300000000000002       0.70712450944713101     
  0.52400000000000002       0.70712457083601632     
  0.52500000000000002       0.70712463229535338     
  0.52600000000000002       0.70712469382489695     
  0.52700000000000002       0.70712475542440267     
  0.52800000000000002       0.70712481709361930     
  0.52900000000000003       0.70712487883230779     
  0.53000000000000003       0.70712494064021159     
  0.53100000000000003       0.70712500251709365     
  0.53200000000000003       0.70712506446269607     
  0.53300000000000003       0.70712512647678172     
  0.53400000000000003       0.70712518855909201     
  0.53500000000000003       0.70712525070938892     
  0.53600000000000003       0.70712531292741065     
  0.53700000000000003       0.70712537521292496     
  0.53800000000000003       0.70712543756566482     
  0.53900000000000003       0.70712549998539787     
  0.54000000000000004       0.70712556247185754     
  0.54100000000000004       0.70712562502481147     
  0.54200000000000004       0.70712568764399208     
  0.54300000000000004       0.70712575032916303     
  0.54400000000000004       0.70712581308006339     
  0.54500000000000004       0.70712587589644760     
  0.54600000000000004       0.70712593877806262     
  0.54700000000000004       0.70712600172465923     
  0.54800000000000004       0.70712606473597939     
  0.54900000000000004       0.70712612781177975     
  0.55000000000000004       0.70712619095180018     
  0.55100000000000005       0.70712625415579267     
  0.55200000000000005       0.70712631742350041     
  0.55300000000000005       0.70712638075467626     
  0.55400000000000005       0.70712644414905867     
  0.55500000000000005       0.70712650760640461     
  0.55600000000000005       0.70712657112644728     
  0.55700000000000005       0.70712663470894610     
  0.55800000000000005       0.70712669835363429     
  0.55900000000000005       0.70712676206026714     
  0.56000000000000005       0.70712682582857989     
  0.56100000000000005       0.70712688965833059     
  0.56200000000000006       0.70712695354924926     
  0.56300000000000006       0.70712701750109175     
  0.56400000000000006       0.70712708151359471     
  0.56500000000000006       0.70712714558650769     
  0.56600000000000006       0.70712720971956966     
  0.56700000000000006       0.70712727391252805     
  0.56800000000000006       0.70712733816512163     
  0.56900000000000006       0.70712740247709793     
  0.57000000000000006       0.70712746684819594     
  0.57100000000000006       0.70712753127815942     
  0.57200000000000006       0.70712759576673201     
  0.57300000000000006       0.70712766031365315     
  0.57400000000000007       0.70712772491866427     
  0.57500000000000007       0.70712778958151234     
  0.57600000000000007       0.70712785430192981     
  0.57699999999999996       0.70712791907966766     
  0.57799999999999996       0.70712798391445741     
  0.57899999999999996       0.70712804880604763     
  0.57999999999999996       0.70712811375417317     
  0.58099999999999996       0.70712817875857736     
  0.58199999999999996       0.70712824381899642     
  0.58299999999999996       0.70712830893517431     
  0.58399999999999996       0.70712837410684792     
  0.58499999999999996       0.70712843933375702     
  0.58599999999999997       0.70712850461564047     
  0.58699999999999997       0.70712856995223805     
  0.58799999999999997       0.70712863534328740     
  0.58899999999999997       0.70712870078852652     
  0.58999999999999997       0.70712876628769483     
  0.59099999999999997       0.70712883184052999     
  0.59199999999999997       0.70712889744676743     
  0.59299999999999997       0.70712896310615003     
  0.59399999999999997       0.70712902881840789     
  0.59499999999999997       0.70712909458328344     
  0.59599999999999997       0.70712916040051377     
  0.59699999999999998       0.70712922626983010     
  0.59799999999999998       0.70712929219097509     
  0.59899999999999998       0.70712935816368272     
  0.59999999999999998       0.70712942418768610     
  0.60099999999999998       0.70712949026272842     
  0.60199999999999998       0.70712955638853525     
  0.60299999999999998       0.70712962256485001     
  0.60399999999999998       0.70712968879140281     
  0.60499999999999998       0.70712975506793563     
  0.60599999999999998       0.70712982139417657     
  0.60699999999999998       0.70712988776986074     
  0.60799999999999998       0.70712995419472746     
  0.60899999999999999       0.70713002066850361     
  0.60999999999999999       0.70713008719093473     
  0.61099999999999999       0.70713015376173849     
  0.61199999999999999       0.70713022038066498     
  0.61299999999999999       0.70713028704743386     
  0.61399999999999999       0.70713035376179034     
  0.61499999999999999       0.70713042052345643     
  0.61599999999999999       0.70713048733217532     
  0.61699999999999999       0.70713055418767035     
  0.61799999999999999       0.70713062108968294     
  0.61899999999999999       0.70713068803793544     
  0.62000000000000000       0.70713075503217138     
  0.62100000000000000       0.70713082207211164     
  0.62200000000000000       0.70713088915749800     
  0.62300000000000000       0.70713095628805178     
  0.62400000000000000       0.70713102346351464     
  0.62500000000000000       0.70713109068361024     
  0.62600000000000000       0.70713115794807591     
  0.62700000000000000       0.70713122525663330     
  0.62800000000000000       0.70713129260902519     
  0.62900000000000000       0.70713136000497101     
  0.63000000000000000       0.70713142744420743     
  0.63100000000000001       0.70713149492646299     
  0.63200000000000001       0.70713156245146758     
  0.63300000000000001       0.70713163001895152     
  0.63400000000000001       0.70713169762864303     
  0.63500000000000001       0.70713176528027433     
  0.63600000000000001       0.70713183297357152     
  0.63700000000000001       0.70713190070826837     
  0.63800000000000001       0.70713196848408655     
  0.63900000000000001       0.70713203630076260     
  0.64000000000000001       0.70713210415802030     
  0.64100000000000001       0.70713217205559153     
  0.64200000000000002       0.70713223999320063     
  0.64300000000000002       0.70713230797057802     
  0.64400000000000002       0.70713237598745449     
  0.64500000000000002       0.70713244404355102     
  0.64600000000000002       0.70713251213860262     
  0.64700000000000002       0.70713258027232917     
  0.64800000000000002       0.70713264844446666     
  0.64900000000000002       0.70713271665473720     
  0.65000000000000002       0.70713278490286824     
  0.65100000000000002       0.70713285318858821     
  0.65200000000000002       0.70713292151162133     
  0.65300000000000002       0.70713298987169693     
  0.65400000000000003       0.70713305826854012     
  0.65500000000000003       0.70713312670187733     
  0.65600000000000003       0.70713319517143625     
  0.65700000000000003       0.70713326367694174     
  0.65800000000000003       0.70713333221811792     
  0.65900000000000003       0.70713340079469478     
  0.66000000000000003       0.70713346940639410     
  0.66100000000000003       0.70713353805294366     
  0.66200000000000003       0.70713360673406744     
  0.66300000000000003       0.70713367544948924     
  0.66400000000000003       0.70713374419893993     
  0.66500000000000004       0.70713381298213684     
  0.66600000000000004       0.70713388179881109     
  0.66700000000000004       0.70713395064868390     
  0.66800000000000004       0.70713401953147870     
  0.66900000000000004       0.70713408844692605     
  0.67000000000000004       0.70713415739474139     
  0.67100000000000004       0.70713422637465728     
  0.67200000000000004       0.70713429538639128     
  0.67300000000000004       0.70713436442967292     
  0.67400000000000004       0.70713443350421912     
  0.67500000000000004       0.70713450260976152     
  0.67600000000000005       0.70713457174601480     
  0.67700000000000005       0.70713464091271250     
  0.67800000000000005       0.70713471010956752     
  0.67900000000000005       0.70713477933631053     
  0.68000000000000005       0.70713484859266262     
  0.68100000000000005       0.70713491787834404     
  0.68200000000000005       0.70713498719308010     
  0.68300000000000005       0.70713505653659436     
  0.68400000000000005       0.70713512590860539     
  0.68500000000000005       0.70713519530883973     
  0.68600000000000005       0.70713526473701860     
  0.68700000000000006       0.70713533419286345     
  0.68800000000000006       0.70713540367609629     
  0.68900000000000006       0.70713547318644043     
  0.69000000000000006       0.70713554272361767     
  0.69100000000000006       0.70713561228734501     
  0.69200000000000006       0.70713568187735631     
  0.69300000000000006       0.70713575149335461     
  0.69400000000000006       0.70713582113508100     
  0.69500000000000006       0.70713589080224060     
  0.69600000000000006       0.70713596049456784     
  0.69700000000000006       0.70713603021177251     
  0.69800000000000006       0.70713609995358440     
  0.69900000000000007       0.70713616971972004     
  0.70000000000000007       0.70713623950990168     
  0.70100000000000007       0.70713630932384919     
  0.70200000000000007       0.70713637916128402     
  0.70300000000000007       0.70713644902192552     
  0.70399999999999996       0.70713651890549656     
  0.70499999999999996       0.70713658881171559     
  0.70599999999999996       0.70713665874030307     
  0.70699999999999996       0.70713672869098088     
  0.70799999999999996       0.70713679866346646     
  0.70899999999999996       0.70713686865748138     
  0.70999999999999996       0.70713693867274652     
  0.71099999999999997       0.70713700870898111     
  0.71199999999999997       0.70713707876590393     
  0.71299999999999997       0.70713714884323586     
  0.71399999999999997       0.70713721894069481     
  0.71499999999999997       0.70713728905800144     
  0.71599999999999997       0.70713735919487752     
  0.71699999999999997       0.70713742935103785     
  0.71799999999999997       0.70713749952620619     
  0.71899999999999997       0.70713756972009834     
  0.71999999999999997       0.70713763993243572     
  0.72099999999999997       0.70713771016293658     
  0.72199999999999998       0.70713778041131936     
  0.72299999999999998       0.70713785067730295     
  0.72399999999999998       0.70713792096060912     
  0.72499999999999998       0.70713799126095034     
  0.72599999999999998       0.70713806157805470     
  0.72699999999999998       0.70713813191163000     
  0.72799999999999998       0.70713820226140589     
  0.72899999999999998       0.70713827262709039     
  0.72999999999999998       0.70713834300841127     
  0.73099999999999998       0.70713841340508077     
  0.73199999999999998       0.70713848381681832     
  0.73299999999999998       0.70713855424334493     
  0.73399999999999999       0.70713862468437483     
  0.73499999999999999       0.70713869513962913     
  0.73599999999999999       0.70713876560882727     
  0.73699999999999999       0.70713883609168149     
  0.73799999999999999       0.70713890658791678     
  0.73899999999999999       0.70713897709724549     
  0.73999999999999999       0.70713904761938973     
  0.74099999999999999       0.70713911815406327     
  0.74199999999999999       0.70713918870098869     
  0.74299999999999999       0.70713925925987953     
  0.74399999999999999       0.70713932983045513     
  0.74500000000000000       0.70713940041243428     
  0.74600000000000000       0.70713947100553098     
  0.74700000000000000       0.70713954160946679     
  0.74800000000000000       0.70713961222395916     
  0.74900000000000000       0.70713968284872175     
  0.75000000000000000       0.70713975348347469     
  0.75100000000000000       0.70713982412793719     
  0.75200000000000000       0.70713989478182326     
  0.75300000000000000       0.70713996544485092     
  0.75400000000000000       0.70714003611673859     
  0.75500000000000000       0.70714010679720174     
  0.75600000000000001       0.70714017748596136     
  0.75700000000000001       0.70714024818272903     
  0.75800000000000001       0.70714031888722773     
  0.75900000000000001       0.70714038959916892     
  0.76000000000000001       0.70714046031827693     
  0.76100000000000001       0.70714053104425811     
  0.76200000000000001       0.70714060177684313     
  0.76300000000000001       0.70714067251573309     
  0.76400000000000001       0.70714074326066434     
  0.76500000000000001       0.70714081401133189     
  0.76600000000000001       0.70714088476747317     
  0.76700000000000002       0.70714095552878675     
  0.76800000000000002       0.70714102629501008     
  0.76900000000000002       0.70714109706583672     
  0.77000000000000002       0.70714116784100522     
  0.77100000000000002       0.70714123862021350     
  0.77200000000000002       0.70714130940319730     
  0.77300000000000002       0.70714138018965134     
  0.77400000000000002       0.70714145097931991     
  0.77500000000000002       0.70714152177188927     
  0.77600000000000002       0.70714159256710474     
  0.77700000000000002       0.70714166336465678     
  0.77800000000000002       0.70714173416428805     
  0.77900000000000003       0.70714180496569190     
  0.78000000000000003       0.70714187576860499     
  0.78100000000000003       0.70714194657272478     
  0.78200000000000003       0.70714201737778615     
  0.78300000000000003       0.70714208818349056     
  0.78400000000000003       0.70714215898956900     
  0.78500000000000003       0.70714222979572372     
  0.78600000000000003       0.70714230060168537     
  0.78700000000000003       0.70714237140715586     
  0.78800000000000003       0.70714244221186939     
  0.78900000000000003       0.70714251301552411     
  0.79000000000000004       0.70714258381785555     
  0.79100000000000004       0.70714265461856018     
  0.79200000000000004       0.70714272541737522     
  0.79300000000000004       0.70714279621399889     
  0.79400000000000004       0.70714286700816587     
  0.79500000000000004       0.70714293779957271     
  0.79600000000000004       0.70714300858795853     
  0.79700000000000004       0.70714307937301724     
  0.79800000000000004       0.70714315015448836     
  0.79900000000000004       0.70714322093206672     
  0.80000000000000004       0.70714329170549162     
  0.80100000000000005       0.70714336247445675     
  0.80200000000000005       0.70714343323869977     
  0.80300000000000005       0.70714350399791903     
  0.80400000000000005       0.70714357475185152     
  0.80500000000000005       0.70714364550019171     
  0.80600000000000005       0.70714371624267891     
  0.80700000000000005       0.70714378697900959     
  0.80800000000000005       0.70714385770892030     
  0.80900000000000005       0.70714392843210827     
  0.81000000000000005       0.70714399914831105     
  0.81100000000000005       0.70714406985722233     
  0.81200000000000006       0.70714414055858654     
  0.81300000000000006       0.70714421125209181     
  0.81400000000000006       0.70714428193748358     
  0.81500000000000006       0.70714435261445352     
  0.81600000000000006       0.70714442328274119     
  0.81700000000000006       0.70714449394204260     
  0.81800000000000006       0.70714456459209851     
  0.81900000000000006       0.70714463523259730     
  0.82000000000000006       0.70714470586329126     
  0.82100000000000006       0.70714477648386154     
  0.82200000000000006       0.70714484709406189     
  0.82300000000000006       0.70714491769356935     
  0.82400000000000007       0.70714498828214822     
  0.82500000000000007       0.70714505885946366     
  0.82600000000000007       0.70714512942528907     
  0.82700000000000007       0.70714519997928427     
  0.82800000000000007       0.70714527052122855     
  0.82900000000000007       0.70714534105077353     
  0.83000000000000007       0.70714541156770738     
  0.83100000000000007       0.70714548207167449     
  0.83200000000000007       0.70714555256246803     
  0.83299999999999996       0.70714562303973072     
  0.83399999999999996       0.70714569350325662     
  0.83499999999999996       0.70714576395268447     
  0.83599999999999997       0.70714583438781309     
  0.83699999999999997       0.70714590480828188     
  0.83799999999999997       0.70714597521388756     
  0.83899999999999997       0.70714604560426997     
  0.83999999999999997       0.70714611597922217     
  0.84099999999999997       0.70714618633839377     
  0.84199999999999997       0.70714625668156894     
  0.84299999999999997       0.70714632700840074     
  0.84399999999999997       0.70714639731867313     
  0.84499999999999997       0.70714646761204214     
  0.84599999999999997       0.70714653788828419     
  0.84699999999999998       0.70714660814706565     
  0.84799999999999998       0.70714667838815304     
  0.84899999999999998       0.70714674861122107     
  0.84999999999999998       0.70714681881603303     
  0.85099999999999998       0.70714688900226452     
  0.85199999999999998       0.70714695916967341     
  0.85299999999999998       0.70714702931794793     
  0.85399999999999998       0.70714709944683096     
  0.85499999999999998       0.70714716955602586     
  0.85599999999999998       0.70714723964526216     
  0.85699999999999998       0.70714730971425110     
  0.85799999999999998       0.70714737976271880     
  0.85899999999999999       0.70714744979038313     
  0.85999999999999999       0.70714751979696211     
  0.86099999999999999       0.70714758978217906     
  0.86199999999999999       0.70714765974575089     
  0.86299999999999999       0.70714772968740136     
  0.86399999999999999       0.70714779960684571     
  0.86499999999999999       0.70714786950380792     
  0.86599999999999999       0.70714793937800702     
  0.86699999999999999       0.70714800922916432     
  0.86799999999999999       0.70714807905699884     
  0.86899999999999999       0.70714814886123356     
  0.87000000000000000       0.70714821864158495     
  0.87100000000000000       0.70714828839777888     
  0.87200000000000000       0.70714835812953314     
  0.87300000000000000       0.70714842783656962     
  0.87400000000000000       0.70714849751860998     
  0.87500000000000000       0.70714856717537444     
  0.87600000000000000       0.70714863680658613     
  0.87700000000000000       0.70714870641196503     
  0.87800000000000000       0.70714877599123094     
  0.87900000000000000       0.70714884554410917     
  0.88000000000000000       0.70714891507031907     
  0.88100000000000001       0.70714898456958364     
  0.88200000000000001       0.70714905404162276     
  0.88300000000000001       0.70714912348616199     
  0.88400000000000001       0.70714919290291900     
  0.88500000000000001       0.70714926229162045     
  0.88600000000000001       0.70714933165198668     
  0.88700000000000001       0.70714940098373902     
  0.88800000000000001       0.70714947028660258     
  0.88900000000000001       0.70714953956029980     
  0.89000000000000001       0.70714960880455124     
  0.89100000000000001       0.70714967801908279     
  0.89200000000000002       0.70714974720361490     
  0.89300000000000002       0.70714981635787433     
  0.89400000000000002       0.70714988548157920     
  0.89500000000000002       0.70714995457445806     
  0.89600000000000002       0.70715002363623047     
  0.89700000000000002       0.70715009266662388     
  0.89800000000000002       0.70715016166535771     
  0.89900000000000002       0.70715023063216198     
  0.90000000000000002       0.70715029956675213     
  0.90100000000000002       0.70715036846886259     
  0.90200000000000002       0.70715043733820782     
  0.90300000000000002       0.70715050617452158     
  0.90400000000000003       0.70715057497752054     
  0.90500000000000003       0.70715064374693737     
  0.90600000000000003       0.70715071248248762     
  0.90700000000000003       0.70715078118390395     
  0.90800000000000003       0.70715084985090748     
  0.90900000000000003       0.70715091848322487     
  0.91000000000000003       0.70715098708058288     
  0.91100000000000003       0.70715105564270331     
  0.91200000000000003       0.70715112416931558     
  0.91300000000000003       0.70715119266014337     
  0.91400000000000003       0.70715126111491311     
  0.91500000000000004       0.70715132953335136     
  0.91600000000000004       0.70715139791518578     
  0.91700000000000004       0.70715146626013847     
  0.91800000000000004       0.70715153456794111     
  0.91900000000000004       0.70715160283831713     
  0.92000000000000004       0.70715167107099552     
  0.92100000000000004       0.70715173926570185     
  0.92200000000000004       0.70715180742216244     
  0.92300000000000004       0.70715187554010783     
  0.92400000000000004       0.70715194361926026     
  0.92500000000000004       0.70715201165935371     
  0.92600000000000005       0.70715207966011118     
  0.92700000000000005       0.70715214762126288     
  0.92800000000000005       0.70715221554253693     
  0.92900000000000005       0.70715228342365966     
  0.93000000000000005       0.70715235126436227     
  0.93100000000000005       0.70715241906437198     
  0.93200000000000005       0.70715248682341625     
  0.93300000000000005       0.70715255454122705     
  0.93400000000000005       0.70715262221752839     
  0.93500000000000005       0.70715268985205815     
  0.93600000000000005       0.70715275744453410     
  0.93700000000000006       0.70715282499469878     
  0.93800000000000006       0.70715289250226798     
  0.93900000000000006       0.70715295996698724     
  0.94000000000000006       0.70715302738857011     
  0.94100000000000006       0.70715309476676191     
  0.94200000000000006       0.70715316210128154     
  0.94300000000000006       0.70715322939186942     
  0.94400000000000006       0.70715329663824456     
  0.94500000000000006       0.70715336384015148     
  0.94600000000000006       0.70715343099730965     
  0.94700000000000006       0.70715349810945771     
  0.94800000000000006       0.70715356517632411     
  0.94900000000000007       0.70715363219764005     
  0.95000000000000007       0.70715369917314197     
  0.95100000000000007       0.70715376610255387     
  0.95200000000000007       0.70715383298561874     
  0.95300000000000007       0.70715389982205623     
  0.95400000000000007       0.70715396661161123     
  0.95500000000000007       0.70715403335400684     
  0.95600000000000007       0.70715410004898149     
  0.95700000000000007       0.70715416669626818     
  0.95800000000000007       0.70715423329559646     
  0.95900000000000007       0.70715429984670519     
  0.95999999999999996       0.70715436634932416     
  0.96099999999999997       0.70715443280318990     
  0.96199999999999997       0.70715449920803397     
  0.96299999999999997       0.70715456556359191     
  0.96399999999999997       0.70715463186959937     
  0.96499999999999997       0.70715469812578891     
  0.96599999999999997       0.70715476433189683     
  0.96699999999999997       0.70715483048765992     
  0.96799999999999997       0.70715489659281050     
  0.96899999999999997       0.70715496264708488     
  0.96999999999999997       0.70715502865022106     
  0.97099999999999997       0.70715509460194992     
  0.97199999999999998       0.70715516050201455     
  0.97299999999999998       0.70715522635014294     
  0.97399999999999998       0.70715529214608119     
  0.97499999999999998       0.70715535788955797     
  0.97599999999999998       0.70715542358031658     
  0.97699999999999998       0.70715548921808646     
  0.97799999999999998       0.70715555480261483     
  0.97899999999999998       0.70715562033363166     
  0.97999999999999998       0.70715568581087684     
  0.98099999999999998       0.70715575123409036     
  0.98199999999999998       0.70715581660300864     
  0.98299999999999998       0.70715588191736956     
  0.98399999999999999       0.70715594717691466     
  0.98499999999999999       0.70715601238137904     
  0.98599999999999999       0.70715607753050536     
  0.98699999999999999       0.70715614262403059     
  0.98799999999999999       0.70715620766169651     
  0.98899999999999999       0.70715627264324032     
  0.98999999999999999       0.70715633756840413     
  0.99099999999999999       0.70715640243692635     
  0.99199999999999999       0.70715646724854930     
  0.99299999999999999       0.70715653200301343     
  0.99399999999999999       0.70715659670005748     
  0.99500000000000000       0.70715666133942723     
  0.99600000000000000       0.70715672592085799     
  0.99700000000000000       0.70715679044409729     
  0.99800000000000000       0.70715685490888280     
  0.99900000000000000       0.70715691931495828     
   1.0000000000000000       0.70715698366206670     
