   0.0000000000000000        1.9389113558242969E-021
   2.0000000000000000E-002   3.1827804883250080E-010
   4.0000000000000001E-002   9.5470680980400613E-010
   5.9999999999999998E-002   1.9090316605076704E-009
   8.0000000000000002E-002   3.1808707946416818E-009
  0.10000000000000001        4.7697153747938489E-009
  0.12000000000000000        6.6749297360385629E-009
  0.14000000000000001        8.8957516402112705E-009
  0.16000000000000000        1.1431292580837510E-008
  0.17999999999999999        1.4280538138716990E-008
  0.20000000000000001        1.7442348387668454E-008
  0.22000000000000000        2.0915458350645018E-008
  0.23999999999999999        2.4698478505779540E-008
  0.26000000000000001        2.8789895342368068E-008
  0.28000000000000003        3.3188071966342764E-008
  0.29999999999999999        3.7891248755177893E-008
  0.32000000000000001        4.2897544061890466E-008
  0.34000000000000002        4.8204954967831908E-008
  0.35999999999999999        5.3811358084022273E-008
  0.38000000000000000        5.9714510400688219E-008
  0.40000000000000002        6.5912050184614812E-008
  0.41999999999999998        7.2401497924072053E-008
  0.44000000000000000        7.9180257320789884E-008
  0.46000000000000002        8.6245616328653204E-008
  0.47999999999999998        9.3594748238837150E-008
  0.50000000000000000        1.0122471281057990E-007
  0.52000000000000002        1.0913245744765926E-007
  0.54000000000000004        1.1731481841954770E-007
  0.56000000000000005        1.2576852212725922E-007
  0.57999999999999996        1.3449018641294182E-007
  0.59999999999999998        1.4347632191314417E-007
  0.62000000000000000        1.5272333345473499E-007
  0.64000000000000001        1.6222752149328822E-007
  0.66000000000000003        1.7198508359322813E-007
  0.68000000000000005        1.8199211594905404E-007
  0.70000000000000007        1.9224461494723693E-007
  0.71999999999999997        2.0273847876793882E-007
  0.73999999999999999        2.1346950902606636E-007
  0.76000000000000001        2.2443341245099496E-007
  0.78000000000000003        2.3562580260420945E-007
  0.80000000000000004        2.4704220163419894E-007
  0.82000000000000006        2.5867804206799390E-007
  0.83999999999999997        2.7052866863851934E-007
  0.85999999999999999        2.8258934014704130E-007
  0.88000000000000000        2.9485523136005639E-007
  0.90000000000000002        3.0732143493975192E-007
  0.92000000000000004        3.1998296340736666E-007
  0.94000000000000006        3.3283475113852681E-007
  0.95999999999999996        3.4587165638994823E-007
  0.97999999999999998        3.5908846335652115E-007
   1.0000000000000000        3.7247988425807454E-007
   1.0200000000000000        3.8604056145486130E-007
   1.0400000000000000        3.9976506959111326E-007
   1.0600000000000001        4.1364791776554755E-007
   1.0800000000000001        4.2768355172822635E-007
   1.1000000000000001        4.4186635610264185E-007
   1.1200000000000001        4.5619065663236712E-007
   1.1400000000000001        4.7065072245119462E-007
   1.1599999999999999        4.8524076837593228E-007
   1.1799999999999999        4.9995495722093738E-007
   1.2000000000000000        5.1478740213348749E-007
   1.2200000000000000        5.2973216894896849E-007
   1.2400000000000000        5.4478327856500863E-007
   1.2600000000000000        5.5993470933359963E-007
   1.2800000000000000        5.7518039947026926E-007
   1.3000000000000000        5.9051424947924798E-007
   1.3200000000000001        6.0593012459376681E-007
   1.3400000000000001        6.2142185723044397E-007
   1.3600000000000001        6.3698324945681928E-007
   1.3800000000000001        6.5260807547102705E-007
   1.4000000000000001        6.6829008409263221E-007
   1.4199999999999999        6.8402300126354926E-007
   1.4399999999999999        6.9980053255819882E-007
   1.4600000000000000        7.1561636570182137E-007
   1.4800000000000000        7.3146417309582141E-007
   1.5000000000000000        7.4733761434934973E-007
   1.5200000000000000        7.6323033881596409E-007
   1.5400000000000000        7.7913598813440240E-007
   1.5600000000000001        7.9504819877241383E-007
   1.5800000000000001        8.1096060457272776E-007
   1.6000000000000001        8.2686683929993062E-007
   1.6200000000000001        8.4276053918760044E-007
   1.6400000000000001        8.5863534548420884E-007
   1.6600000000000001        8.7448490699718461E-007
   1.6799999999999999        8.9030288263390034E-007
   1.7000000000000000        9.0608294393859007E-007
   1.7200000000000000        9.2181877762429265E-007
   1.7400000000000000        9.3750408809855994E-007
   1.7600000000000000        9.5313259998237178E-007
   1.7800000000000000        9.6869806062056862E-007
   1.8000000000000000        9.8419424258365134E-007
   1.8200000000000001        9.9961494615902761E-007
   1.8400000000000001        1.0149540018315896E-006
   1.8600000000000001        1.0302052727518626E-006
   1.8800000000000001        1.0453626571913286E-006
   1.9000000000000001        1.0604200909835474E-006
   1.9199999999999999        1.0753715499503516E-006
   1.9399999999999999        1.0902110523119748E-006
   1.9600000000000000        1.1049326610802684E-006
   1.9800000000000000        1.1195304864339133E-006
   2.0000000000000000        1.1339986880749166E-006
   2.0200000000000000        1.1483314775650654E-006
   2.0400000000000000        1.1625231206419162E-006
   2.0600000000000001        1.1765679395128346E-006
   2.0800000000000001        1.1904603151266444E-006
   2.1000000000000001        1.2041946894216356E-006
   2.1200000000000001        1.2177655675492883E-006
   2.1400000000000001        1.2311675200726452E-006
   2.1600000000000001        1.2443951851384711E-006
   2.1800000000000002        1.2574432706224787E-006
   2.2000000000000002        1.2703065562465789E-006
   2.2200000000000002        1.2829798956673968E-006
   2.2400000000000002        1.2954582185352581E-006
   2.2600000000000002        1.3077365325226839E-006
   2.2800000000000002        1.3198099253218013E-006
   2.3000000000000003        1.3316735666095106E-006
   2.3199999999999998        1.3433227099802242E-006
   2.3399999999999999        1.3547526948445637E-006
   2.3599999999999999        1.3659589482941736E-006
   2.3799999999999999        1.3769369869310942E-006
   2.3999999999999999        1.3876824186616192E-006
   2.4199999999999999        1.3981909444533642E-006
   2.4399999999999999        1.4084583600552802E-006
   2.4600000000000000        1.4184805576797083E-006
   2.4800000000000000        1.4282535276457678E-006
   2.5000000000000000        1.4377733599836120E-006
   2.5200000000000000        1.4470362459986632E-006
   2.5400000000000000        1.4560384797954635E-006
   2.5600000000000001        1.4647764597602622E-006
   2.5800000000000001        1.4732466900020156E-006
   2.6000000000000001        1.4814457817509708E-006
   2.6200000000000001        1.4893704547144584E-006
   2.6400000000000001        1.4970175383892910E-006
   2.6600000000000001        1.5043839733302217E-006
   2.6800000000000002        1.5114668123739010E-006
   2.7000000000000002        1.5182632218180706E-006
   2.7200000000000002        1.5247704825552316E-006
   2.7400000000000002        1.5309859911604220E-006
   2.7600000000000002        1.5369072609330025E-006
   2.7800000000000002        1.5425319228912926E-006
   2.8000000000000003        1.5478577267205546E-006
   2.8199999999999998        1.5528825416731213E-006
   2.8399999999999999        1.5576043574210524E-006
   2.8599999999999999        1.5620212848602460E-006
   2.8799999999999999        1.5661315568663940E-006
   2.8999999999999999        1.5699335290018143E-006
   2.9199999999999999        1.5734256801735173E-006
   2.9399999999999999        1.5766066132416253E-006
   2.9600000000000000        1.5794750555784357E-006
   2.9800000000000000        1.5820298595775078E-006
   3.0000000000000000        1.5842700031128800E-006
   3.0200000000000000        1.5861945899478798E-006
   3.0400000000000000        1.5878028500938202E-006
   3.0600000000000001        1.5890941401179767E-006
   3.0800000000000001        1.5900679434010279E-006
   3.1000000000000001        1.5907238703437398E-006
   3.1200000000000001        1.5910616585228907E-006
   3.1400000000000001        1.5910811727961432E-006
   3.1600000000000001        1.5907824053562655E-006
   3.1800000000000002        1.5901654757341125E-006
   3.2000000000000002        1.5892306307508914E-006
   3.2200000000000002        1.5879782444193945E-006
   3.2400000000000002        1.5864088177943499E-006
   3.2600000000000002        1.5845229787719602E-006
   3.2800000000000002        1.5823214818387131E-006
   3.3000000000000003        1.5798052077695163E-006
   3.3200000000000003        1.5769751632753140E-006
   3.3399999999999999        1.5738324806002979E-006
   3.3599999999999999        1.5703784170689612E-006
   3.3799999999999999        1.5666143545831027E-006
   3.3999999999999999        1.5625417990687905E-006
   3.4199999999999999        1.5581623798741138E-006
   3.4399999999999999        1.5534778491170680E-006
   3.4600000000000000        1.5484900809847947E-006
   3.4800000000000000        1.5432010709835266E-006
   3.5000000000000000        1.5376129351404579E-006
   3.5200000000000000        1.5317279091569571E-006
   3.5400000000000000        1.5255483475142678E-006
   3.5600000000000001        1.5190767225314438E-006
   3.5800000000000001        1.5123156233762011E-006
   3.6000000000000001        1.5052677550291513E-006
   3.6200000000000001        1.4979359372014766E-006
   3.6400000000000001        1.4903231032068702E-006
   3.6600000000000001        1.4824322987880200E-006
   3.6800000000000002        1.4742666808979410E-006
   3.7000000000000002        1.4658295164371445E-006
   3.7200000000000002        1.4571241809463321E-006
   3.7400000000000002        1.4481541572562480E-006
   3.7600000000000002        1.4389230340939235E-006
   3.7800000000000002        1.4294345046472181E-006
   3.8000000000000003        1.4196923650869942E-006
   3.8200000000000003        1.4097005130485048E-006
   3.8399999999999999        1.3994629460719325E-006
   3.8599999999999999        1.3889837600031365E-006
   3.8799999999999999        1.3782671473549093E-006
   3.8999999999999999        1.3673173956296800E-006
   3.9199999999999999        1.3561388856041686E-006
   3.9399999999999999        1.3447360895767068E-006
   3.9600000000000000        1.3331135695779831E-006
   3.9800000000000000        1.3212759755458263E-006
   4.0000000000000000        1.3092280434649339E-006
   4.0200000000000005        1.2969745934719884E-006
   4.0400000000000000        1.2845205279273496E-006
   4.0600000000000005        1.2718708294535569E-006
   4.0800000000000001        1.2590305589420800E-006
   4.0999999999999996        1.2460048535283685E-006
   4.1200000000000001        1.2327989245366964E-006
   4.1399999999999997        1.2194180553952045E-006
   4.1600000000000001        1.2058675995220440E-006
   4.1799999999999997        1.1921529781836919E-006
   4.2000000000000002        1.1782796783258633E-006
   4.2199999999999998        1.1642532503784827E-006
   4.2400000000000002        1.1500793060348229E-006
   4.2599999999999998        1.1357635160066613E-006
   4.2800000000000002        1.1213116077552777E-006
   4.2999999999999998        1.1067293632002299E-006
   4.3200000000000003        1.0920226164059358E-006
   4.3399999999999999        1.0771972512477545E-006
   4.3600000000000003        1.0622591990577862E-006
   4.3799999999999999        1.0472144362520566E-006
   4.4000000000000004        1.0320689819392969E-006
   4.4199999999999999        1.0168288955129676E-006
   4.4400000000000004        1.0015002742268541E-006
   4.4600000000000000        9.8608925075587245E-007
   4.4800000000000004        9.7060199074232008E-007
   4.5000000000000000        9.5504469032926889E-007
   4.5200000000000005        9.3942357368149954E-007
   4.5400000000000000        9.2374489049545968E-007
   4.5600000000000005        9.0801491349876457E-007
   4.5800000000000001        8.9223993594066262E-007
   4.6000000000000005        8.7642626907425619E-007
   4.6200000000000001        8.6058023963144164E-007
   4.6399999999999997        8.4470818729173624E-007
   4.6600000000000001        8.2881646214591816E-007
   4.6799999999999997        8.1291142215543035E-007
   4.7000000000000002        7.9699943060874437E-007
   4.7199999999999998        7.8108685357550752E-007
   4.7400000000000002        7.6518005735958472E-007
   4.7599999999999998        7.4928540595209634E-007
   4.7800000000000002        7.3340925848521389E-007
   4.7999999999999998        7.1755796668809442E-007
   4.8200000000000003        7.0173787234562528E-007
   4.8399999999999999        6.8595530476120495E-007
   4.8600000000000003        6.7021657822454436E-007
   4.8799999999999999        6.5452798948541672E-007
   4.9000000000000004        6.3889581523445692E-007
   4.9199999999999999        6.2332630959201755E-007
   4.9400000000000004        6.0782570160596979E-007
   4.9600000000000000        5.9240019275963068E-007
   4.9800000000000004        5.7705595449062038E-007
   5.0000000000000000        5.6179912572186505E-007
   5.0200000000000005        5.4663581040546490E-007
   5.0400000000000000        5.3157207508068862E-007
   5.0600000000000005        5.1661394644680822E-007
   5.0800000000000001        5.0176740895200018E-007
   5.1000000000000005        4.8703840239904021E-007
   5.1200000000000001        4.7243281956892965E-007
   5.1399999999999997        4.5795650386329098E-007
   5.1600000000000001        4.4361524696659833E-007
   5.1799999999999997        4.2941478652895077E-007
   5.2000000000000002        4.1536080387061682E-007
   5.2199999999999998        4.0145892170904832E-007
   5.2400000000000002        3.8771470190929307E-007
   5.2599999999999998        3.7413364325888112E-007
   5.2800000000000002        3.6072117926780403E-007
   5.2999999999999998        3.4748267599471637E-007
   5.3200000000000003        3.3442342990004482E-007
   5.3399999999999999        3.2154866572703823E-007
   5.3600000000000003        3.0886353441138959E-007
   5.3799999999999999        2.9637311102048089E-007
   5.4000000000000004        2.8408239272296632E-007
   5.4199999999999999        2.7199629678945298E-007
   5.4400000000000004        2.6011965862526670E-007
   5.4600000000000000        2.4845722983585899E-007
   5.4800000000000004        2.3701367632576334E-007
   5.5000000000000000        2.2579357643190987E-007
   5.5200000000000005        2.1480141909193553E-007
   5.5400000000000000        2.0404160204818305E-007
   5.5600000000000005        1.9351843008829310E-007
   5.5800000000000001        1.8323611332294187E-007
   5.6000000000000005        1.7319876550147716E-007
   5.6200000000000001        1.6341040236604178E-007
   5.6399999999999997        1.5387494004500129E-007
   5.6600000000000001        1.4459619348615842E-007
   5.6799999999999997        1.3557787493048228E-007
   5.7000000000000002        1.2682359242688563E-007
   5.7199999999999998        1.1833684838875621E-007
   5.7400000000000002        1.1012103819268164E-007
   5.7599999999999998        1.0217944882002728E-007
   5.7800000000000002        9.4515257541916329E-008
   5.7999999999999998        8.7131530648017188E-008
   5.8200000000000003        8.0031222219812192E-008
   5.8399999999999999        7.3217172948728280E-008
   5.8600000000000003        6.6692108999631803E-008
   5.8799999999999999        6.0458640920130160E-008
   5.9000000000000004        5.4519262596150792E-008
   5.9199999999999999        4.8876350254209496E-008
   5.9400000000000004        4.3532161510680985E-008
   5.9600000000000000        3.8488834468634512E-008
   5.9800000000000004        3.3748386862371684E-008
   6.0000000000000000        2.9312715250183209E-008
   6.0200000000000005        2.5183594255591026E-008
   6.0400000000000000        2.1362675857342427E-008
   6.0600000000000005        1.7851488728473159E-008
   6.0800000000000001        1.4651437624749870E-008
   6.1000000000000005        1.1763802822632385E-008
   6.1200000000000001        9.1897396070651891E-009
   6.1400000000000006        6.9302778092693751E-009
   6.1600000000000001        4.9863213947219812E-009
   6.1799999999999997        3.3586481015273187E-009
   6.2000000000000002        2.0479091292114486E-009
   6.2199999999999998        1.0546288782300366E-009
   6.2400000000000002        3.7920474014963006E-010
   6.2599999999999998        2.1906938672867699E-011
   6.2800000000000002       -1.7121578513684286E-011
   6.2999999999999998        2.6213480313877580E-010
   6.3200000000000003        8.5956435872092386E-010
   6.3399999999999999        1.7749280686212207E-009
   6.3600000000000003        3.0078597141283767E-009
   6.3799999999999999        4.5578660239265868E-009
   6.4000000000000004        6.4243268715024021E-009
   6.4199999999999999        8.6064955231849745E-009
   6.4400000000000004        1.1103498936929040E-008
   6.4600000000000000        1.3914338111606520E-008
   6.4800000000000004        1.7037888486667558E-008
   6.5000000000000000        2.0472900392056441E-008
   6.5200000000000005        2.4217999548212788E-008
   6.5400000000000000        2.8271687615836905E-008
   6.5600000000000005        3.2632342795394782E-008
   6.5800000000000001        3.7298220475944728E-008
   6.6000000000000005        4.2267453933129842E-008
   6.6200000000000001        4.7538055076000507E-008
   6.6400000000000006        5.3107915242436451E-008
   6.6600000000000001        5.8974806042757563E-008
   6.6799999999999997        6.5136380251271328E-008
   6.7000000000000002        7.1590172745340603E-008
   6.7199999999999998        7.8333601491637325E-008
   6.7400000000000002        8.5363968579172872E-008
   6.7599999999999998        9.2678461298644900E-008
   6.7800000000000002        1.0027415326777177E-007
   6.7999999999999998        1.0814800560209689E-007
   6.8200000000000003        1.1629686813072532E-007
   6.8399999999999999        1.2471748065672027E-007
   6.8600000000000003        1.3340647426138232E-007
   6.8799999999999999        1.4236037265211495E-007
   6.9000000000000004        1.5157559355322169E-007
   6.9199999999999999        1.6104845013908833E-007
   6.9400000000000004        1.7077515250918966E-007
   6.9600000000000000        1.8075180920443648E-007
   6.9800000000000004        1.9097442876395751E-007
   7.0000000000000000        2.0143892132208368E-007
   7.0200000000000005        2.1214110024458559E-007
   7.0400000000000000        2.2307668380368720E-007
   7.0600000000000005        2.3424129689106548E-007
   7.0800000000000001        2.4563047276827575E-007
   7.1000000000000005        2.5723965485378333E-007
   7.1200000000000001        2.6906419854599043E-007
   7.1400000000000006        2.8109937308138478E-007
   7.1600000000000001        2.9334036342729466E-007
   7.1799999999999997        3.0578227220827583E-007
   7.2000000000000002        3.1842012166538470E-007
   7.2199999999999998        3.3124885564777780E-007
   7.2400000000000002        3.4426334163550964E-007
   7.2599999999999998        3.5745837279297514E-007
   7.2800000000000002        3.7082867005204015E-007
   7.2999999999999998        3.8436888422414617E-007
   7.3200000000000003        3.9807359814033271E-007
   7.3399999999999999        4.1193732881862417E-007
   7.3600000000000003        4.2595452965757305E-007
   7.3799999999999999        4.4011959265542197E-007
   7.4000000000000004        4.5442685065370984E-007
   7.4199999999999999        4.6887057960461415E-007
   7.4400000000000004        4.8344500086096312E-007
   7.4600000000000000        4.9814428348826787E-007
   7.4800000000000004        5.1296254659747161E-007
   7.5000000000000000        5.2789386169781722E-007
   7.5200000000000005        5.4293225506867778E-007
   7.5400000000000000        5.5807171014959690E-007
   7.5600000000000005        5.7330616994730864E-007
   7.5800000000000001        5.8862953945910019E-007
   7.6000000000000005        6.0403568811119904E-007
   7.6200000000000001        6.1951845221162840E-007
   7.6400000000000006        6.3507163741601980E-007
   7.6600000000000001        6.5068902120603468E-007
   7.6799999999999997        6.6636435537864772E-007
   7.7000000000000002        6.8209136854615067E-007
   7.7199999999999998        6.9786376864499408E-007
   7.7400000000000002        7.1367524545334985E-007
   7.7599999999999998        7.2951947311543352E-007
   7.7800000000000002        7.4539011267266996E-007
   7.7999999999999998        7.6128081459943102E-007
   7.8200000000000003        7.7718522134371730E-007
   7.8399999999999999        7.9309696987032031E-007
   7.8600000000000003        8.0900969420692413E-007
   7.8799999999999999        8.2491702799061813E-007
   7.9000000000000004        8.4081260701531314E-007
   7.9199999999999999        8.5669007177763371E-007
   7.9400000000000004        8.7254307002146262E-007
   7.9600000000000000        8.8836525927915656E-007
   7.9800000000000004        9.0415030940921921E-007
   8.0000000000000000        9.1989190512867430E-007
   8.0199999999999996        9.3558374853990135E-007
   8.0400000000000009        9.5121956165007461E-007
   8.0600000000000005        9.6679308888306670E-007
   8.0800000000000001        9.8229809958200702E-007
   8.0999999999999996        9.9772839050218345E-007
   8.1200000000000010        1.0130777882926992E-006
   8.1400000000000006        1.0283401519664754E-006
   8.1600000000000001        1.0435093753569400E-006
   8.1799999999999997        1.0585793895611998E-006
   8.1999999999999993        1.0735441653678456E-006
   8.2200000000000006        1.0883977156693800E-006
   8.2400000000000002        1.1031340978572748E-006
   8.2599999999999998        1.1177474161997373E-006
   8.2799999999999994        1.1322318242002538E-006
   8.3000000000000007        1.1465815269368797E-006
   8.3200000000000003        1.1607907833804265E-006
   8.3399999999999999        1.1748539086915673E-006
   8.3599999999999994        1.1887652764950230E-006
   8.3800000000000008        1.2025193211307546E-006
   8.4000000000000004        1.2161105398804843E-006
   8.4199999999999999        1.2295334951694033E-006
   8.4399999999999995        1.2427828167414667E-006
   8.4600000000000009        1.2558532038080805E-006
   8.4800000000000004        1.2687394271686987E-006
   8.5000000000000000        1.2814363313030801E-006
   8.5199999999999996        1.2939388364337127E-006
   8.5400000000000009        1.3062419405583359E-006
   8.5600000000000005        1.3183407214509639E-006
   8.5800000000000001        1.3302303386313260E-006
   8.5999999999999996        1.3419060353012991E-006
   8.6200000000000010        1.3533631402481577E-006
   8.6400000000000006        1.3645970697132452E-006
   8.6600000000000001        1.3756033292260794E-006
   8.6799999999999997        1.3863775154022655E-006
   8.7000000000000011        1.3969153177053973E-006
   8.7200000000000006        1.4072125201714369E-006
   8.7400000000000002        1.4172650030956241E-006
   8.7599999999999998        1.4270687446805120E-006
   8.7799999999999994        1.4366198226451685E-006
   8.8000000000000007        1.4459144157942595E-006
   8.8200000000000003        1.4549488055469226E-006
   8.8399999999999999        1.4637193774244606E-006
   8.8599999999999994        1.4722226224964621E-006
   8.8800000000000008        1.4804551387845898E-006
   8.9000000000000004        1.4884136326237014E-006
   8.9199999999999999        1.4960949199795496E-006
   8.9399999999999995        1.5034959277226555E-006
   8.9600000000000009        1.5106136948578194E-006
   8.9800000000000004        1.5174453737087258E-006
   9.0000000000000000        1.5239882310572856E-006
   9.0199999999999996        1.5302396492370904E-006
   9.0400000000000009        1.5361971271807226E-006
   9.0600000000000005        1.5418582814204119E-006
   9.0800000000000001        1.5472208470415340E-006
   9.0999999999999996        1.5522826785887917E-006
   9.1200000000000010        1.5570417509246408E-006
   9.1400000000000006        1.5614961600393761E-006
   9.1600000000000001        1.5656441238129731E-006
   9.1799999999999997        1.5694839827280995E-006
   9.2000000000000011        1.5730142005339512E-006
   9.2200000000000006        1.5762333648609973E-006
   9.2400000000000002        1.5791401877859392E-006
   9.2599999999999998        1.5817335063470966E-006
   9.2799999999999994        1.5840122830095045E-006
   9.3000000000000007        1.5859756060802284E-006
   9.3200000000000003        1.5876226900729587E-006
   9.3399999999999999        1.5889528760223364E-006
   9.3599999999999994        1.5899656317475137E-006
   9.3800000000000008        1.5906605520652488E-006
   9.4000000000000004        1.5910373589517464E-006
   9.4199999999999999        1.5910959016541686E-006
   9.4399999999999995        1.5908361567506823E-006
   9.4600000000000009        1.5902582281601091E-006
   9.4800000000000004        1.5893623471000563E-006
   9.5000000000000000        1.5881488719946767E-006
   9.5199999999999996        1.5866182883310264E-006
   9.5400000000000009        1.5847712084650967E-006
   9.5600000000000005        1.5826083713765420E-006
   9.5800000000000001        1.5801306423733028E-006
   9.5999999999999996        1.5773390127451251E-006
   9.6200000000000010        1.5742345993672950E-006
   9.6400000000000006        1.5708186442534296E-006
   9.6600000000000001        1.5670925140589642E-006
   9.6799999999999997        1.5630576995340074E-006
   9.7000000000000011        1.5587158149272201E-006
   9.7200000000000006        1.5540685973397546E-006
   9.7400000000000002        1.5491179060305265E-006
   9.7599999999999998        1.5438657216720353E-006
   9.7799999999999994        1.5383141455583141E-006
   9.8000000000000007        1.5324653987638708E-006
   9.8200000000000003        1.5263218212554338E-006
   9.8399999999999999        1.5198858709554333E-006
   9.8599999999999994        1.5131601227589586E-006
   9.8800000000000008        1.5061472675033259E-006
   9.9000000000000004        1.4988501108917282E-006
   9.9199999999999999        1.4912715723705947E-006
   9.9399999999999995        1.4834146839616450E-006
   9.9600000000000009        1.4752825890488405E-006
   9.9800000000000004        1.4668785411207357E-006
   10.000000000000000        1.4582059024688538E-006
   10.020000000000000        1.4492681428425086E-006
   10.040000000000001        1.4400688380606027E-006
   10.060000000000000        1.4306116685810382E-006
   10.080000000000000        1.4209004180282135E-006
   10.100000000000000        1.4109389716793021E-006
   10.120000000000001        1.4007313149097670E-006
   10.140000000000001        1.3902815315989974E-006
   10.160000000000000        1.3795938024963332E-006
   10.180000000000000        1.3686724035484795E-006
   10.200000000000001        1.3575217041887671E-006
   10.220000000000001        1.3461461655890364E-006
   10.240000000000000        1.3345503388748156E-006
   10.260000000000000        1.3227388633045188E-006
   10.279999999999999        1.3107164644133315E-006
   10.300000000000001        1.2984879521226413E-006
   10.320000000000000        1.2860582188156967E-006
   10.340000000000000        1.2734322373802561E-006
   10.359999999999999        1.2606150592190228E-006
   10.380000000000001        1.2476118122286781E-006
   10.400000000000000        1.2344276987483397E-006
   10.420000000000000        1.2210679934781777E-006
   10.440000000000000        1.2075380413691275E-006
   10.460000000000001        1.1938432554844840E-006
   10.480000000000000        1.1799891148342447E-006
   10.500000000000000        1.1659811621830457E-006
   10.520000000000000        1.1518250018326405E-006
   10.540000000000001        1.1375262973797307E-006
   10.560000000000000        1.1230907694500389E-006
   10.580000000000000        1.1085241934096436E-006
   10.600000000000000        1.0938323970543468E-006
   10.620000000000001        1.0790212582780923E-006
   10.640000000000001        1.0640967027213301E-006
   10.660000000000000        1.0490647014003264E-006
   10.680000000000000        1.0339312683182014E-006
   10.700000000000001        1.0187024580589608E-006
   10.720000000000001        1.0033843633650345E-006
   10.740000000000000        9.8798311269985361E-007
   10.760000000000000        9.7250486779579125E-007
   10.779999999999999        9.5695582118917766E-007
   10.800000000000001        9.4134219374261851E-007
   10.820000000000000        9.2567023215625005E-007
   10.840000000000000        9.0994620646853423E-007
   10.859999999999999        8.9417640754770698E-007
   10.880000000000001        8.7836714457501177E-007
   10.900000000000000        8.6252474252043130E-007
   10.920000000000000        8.4665553961223092E-007
   10.940000000000000        8.3076588480119509E-007
   10.960000000000001        8.1486213522047007E-007
   10.980000000000000        7.9895065364225863E-007
   11.000000000000000        7.8303780593216599E-007
   11.020000000000000        7.6712995850237161E-007
   11.040000000000001        7.5123347576454252E-007
   11.060000000000000        7.3535471758355132E-007
   11.080000000000000        7.1950003673303457E-007
   11.100000000000000        7.0367577635378146E-007
   11.120000000000001        6.8788826741593321E-007
   11.140000000000001        6.7214382618612982E-007
   11.160000000000000        6.5644875170048820E-007
   11.180000000000000        6.4080932324447606E-007
   11.200000000000001        6.2523179784067935E-007
   11.220000000000001        6.0972240774553090E-007
   11.240000000000000        5.9428735795587769E-007
   11.260000000000000        5.7893282372651321E-007
   11.279999999999999        5.6366494809953432E-007
   11.300000000000001        5.4848983944670973E-007
   11.320000000000000        5.3341356902554391E-007
   11.340000000000000        5.1844216855038587E-007
   11.359999999999999        5.0358162777917172E-007
   11.380000000000001        4.8883789211714254E-007
   11.400000000000000        4.7421686023810219E-007
   11.420000000000000        4.5972438172456305E-007
   11.440000000000000        4.4536625472735083E-007
   11.460000000000001        4.3114822364601610E-007
   11.480000000000000        4.1707597683045602E-007
   11.500000000000000        4.0315514430525149E-007
   11.520000000000000        3.8939129551713040E-007
   11.540000000000001        3.7578993710675933E-007
   11.560000000000000        3.6235651070569122E-007
   11.580000000000000        3.4909639075919680E-007
   11.600000000000000        3.3601488237611320E-007
   11.620000000000001        3.2311721920637849E-007
   11.640000000000001        3.1040856134711294E-007
   11.660000000000000        2.9789399327821089E-007
   11.680000000000000        2.8557852182811359E-007
   11.700000000000001        2.7346707417069921E-007
   11.720000000000001        2.6156449585398054E-007
   11.740000000000000        2.4987554886155073E-007
   11.760000000000000        2.3840490970734960E-007
   11.779999999999999        2.2715716756475427E-007
   11.800000000000001        2.1613682243047063E-007
   11.820000000000000        2.0534828332424486E-007
   11.840000000000000        1.9479586652482459E-007
   11.859999999999999        1.8448379384318198E-007
   11.880000000000001        1.7441619093338366E-007
   11.900000000000000        1.6459708564205655E-007
   11.920000000000000        1.5503040639686445E-007
   11.940000000000000        1.4571998063489332E-007
   11.960000000000001        1.3666953327132034E-007
   11.980000000000000        1.2788268520915499E-007
   12.000000000000000        1.1936295189060736E-007
   12.020000000000000        1.1111374189061662E-007
   12.040000000000001        1.0313835555316455E-007
   12.060000000000000        9.5439983670829770E-008
   12.080000000000000        8.8021706208274838E-008
   12.100000000000000        8.0886491069978985E-008
   12.120000000000001        7.4037192912847273E-008
   12.140000000000001        6.7476552004094669E-008
   12.160000000000000        6.1207193124977844E-008
   12.180000000000000        5.5231624520628292E-008
   12.200000000000001        4.9552236896543150E-008
   12.220000000000001        4.4171302462149768E-008
   12.240000000000000        3.9090974021718892E-008
   12.260000000000000        3.4313284113078828E-008
   12.280000000000001        2.9840144194417409E-008
   12.300000000000001        2.5673343879568867E-008
   12.320000000000000        2.1814550222042927E-008
   12.340000000000000        1.8265307047995812E-008
   12.359999999999999        1.5027034338659790E-008
   12.380000000000001        1.2101027662195842E-008
   12.400000000000000        9.4884576553647525E-009
   12.420000000000000        7.1903695551904340E-009
   12.440000000000000        5.2076827807599055E-009
   12.460000000000001        3.5411905654126037E-009
   12.480000000000000        2.1915596393513071E-009
   12.500000000000000        1.1593299629368591E-009
   12.520000000000000        4.4491451061153204E-010
   12.540000000000001        4.8599105720336652E-011
   12.560000000000000       -2.9457693877316754E-011
   12.580000000000000        2.1077534078804162E-010
   12.600000000000000        7.6920209728814300E-010
   12.620000000000001        1.6455991602296574E-009
   12.640000000000001        2.8396159006893782E-009
   12.660000000000000        4.3507746164292641E-009
   12.680000000000000        6.1784707230796893E-009
   12.700000000000001        8.3219729959658018E-009
   12.720000000000001        1.0780423862677712E-008
   12.740000000000000        1.3552839746215434E-008
   12.760000000000000        1.6638111458398772E-008
   12.780000000000001        2.0035004643696655E-008
   12.800000000000001        2.3742160273101163E-008
   12.820000000000000        2.7758095187750924E-008
   12.840000000000000        3.2081202692393847E-008
   12.859999999999999        3.6709753198162028E-008
   12.880000000000001        4.1641894914564650E-008
   12.900000000000000        4.6875654590303585E-008
   12.920000000000000        5.2408938302797354E-008
   12.940000000000000        5.8239532295867266E-008
   12.960000000000001        6.4365103865458902E-008
   12.980000000000000        7.0783202292871300E-008
   13.000000000000000        7.7491259825246680E-008
   13.020000000000000        8.4486592702913054E-008
   13.040000000000001        9.1766402233057494E-008
   13.060000000000000        9.9327775909468122E-008
   13.080000000000000        1.0716768857771270E-007
   13.100000000000000        1.1528300364552095E-007
   13.120000000000001        1.2367047433759212E-007
   13.140000000000001        1.3232674499462649E-007
   13.160000000000000        1.4124835241581922E-007
   13.180000000000000        1.5043172724444807E-007
   13.200000000000001        1.5987319539586832E-007
   13.220000000000001        1.6956897952745295E-007
   13.240000000000000        1.7951520054987070E-007
   13.260000000000000        1.8970787917895763E-007
   13.280000000000001        2.0014293752781188E-007
   13.300000000000001        2.1081620073824979E-007
   13.320000000000000        2.2172339865107981E-007
   13.340000000000000        2.3286016751451773E-007
   13.359999999999999        2.4422205173004518E-007
   13.380000000000001        2.5580450563494488E-007
   13.400000000000000        2.6760289532105636E-007
   13.420000000000000        2.7961250048855396E-007
   13.440000000000000        2.9182851633458305E-007
   13.460000000000001        3.0424605547543612E-007
   13.480000000000000        3.1686014990205150E-007
   13.500000000000000        3.2966575296742540E-007
   13.520000000000000        3.4265774140588224E-007
   13.540000000000001        3.5583091738261026E-007
   13.560000000000000        3.6918001057332845E-007
   13.580000000000000        3.8269968027274462E-007
   13.600000000000000        3.9638451753139245E-007
   13.620000000000001        4.1022904731949630E-007
   13.640000000000001        4.2422773071756407E-007
   13.660000000000000        4.3837496713222406E-007
   13.680000000000000        4.5266509653713773E-007
   13.700000000000001        4.6709240173722350E-007
   13.720000000000001        4.8165111065620413E-007
   13.740000000000000        4.9633539864570771E-007
   13.760000000000000        5.1113939081579863E-007
   13.780000000000001        5.2605716438515485E-007
   13.800000000000001        5.4108275105095274E-007
   13.820000000000000        5.5621013937633388E-007
   13.840000000000000        5.7143327719579818E-007
   13.859999999999999        5.8674607403621350E-007
   13.880000000000001        6.0214240355386722E-007
   13.900000000000000        6.1761610598506734E-007
   13.920000000000000        6.3316099061100222E-007
   13.940000000000000        6.4877083823406276E-007
   13.960000000000001        6.6443940366644017E-007
   13.980000000000000        6.8016041822832118E-007
   14.000000000000000        6.9592759225623065E-007
   14.020000000000000        7.1173461761902904E-007
   14.040000000000001        7.2757517024204724E-007
   14.060000000000000        7.4344291263681374E-007
   14.080000000000000        7.5933149643699582E-007
   14.100000000000000        7.7523456493784295E-007
   14.120000000000001        7.9114575563969886E-007
   14.140000000000001        8.0705870279328381E-007
   14.160000000000000        8.2296703994667967E-007
   14.180000000000000        8.3886440249224162E-007
   14.200000000000001        8.5474443021315771E-007
   14.220000000000001        8.7060076982781050E-007
   14.240000000000000        8.8642707753185280E-007
   14.260000000000000        9.0221702153596871E-007
   14.280000000000001        9.1796428459935921E-007
   14.300000000000001        9.3366256655689494E-007
   14.320000000000000        9.4930558683990506E-007
   14.340000000000000        9.6488708698876403E-007
   14.359999999999999        9.8040083315683548E-007
   14.380000000000001        9.9584061860447810E-007
   14.400000000000000        1.0112002661822824E-006
   14.420000000000000        1.0264736308023745E-006
   14.440000000000000        1.0416546018969730E-006
   14.460000000000001        1.0567371058631041E-006
   14.480000000000000        1.0717151084925312E-006
   14.500000000000000        1.0865826173858890E-006
   14.520000000000000        1.1013336843501604E-006
   14.540000000000001        1.1159624077784249E-006
   14.560000000000000        1.1304629350109518E-006
   14.580000000000000        1.1448294646767543E-006
   14.600000000000000        1.1590562490145675E-006
   14.620000000000001        1.1731375961724759E-006
   14.640000000000001        1.1870678724850411E-006
   14.660000000000000        1.2008415047272487E-006
   14.680000000000000        1.2144529823442893E-006
   14.700000000000001        1.2278968596561131E-006
   14.720000000000001        1.2411677580362486E-006
   14.740000000000000        1.2542603680636109E-006
   14.760000000000000        1.2671694516467316E-006
   14.780000000000001        1.2798898441193914E-006
   14.800000000000001        1.2924164563069269E-006
   14.820000000000000        1.3047442765622932E-006
   14.840000000000000        1.3168683727710980E-006
   14.859999999999999        1.3287838943248669E-006
   14.880000000000001        1.3404860740617216E-006
   14.900000000000000        1.3519702301735390E-006
   14.920000000000000        1.3632317680790819E-006
   14.940000000000000        1.3742661822622336E-006
   14.960000000000001        1.3850690580745059E-006
   14.980000000000000        1.3956360735013140E-006
   15.000000000000000        1.4059630008910945E-006
   15.020000000000000        1.4160457086466831E-006
   15.040000000000001        1.4258801628783016E-006
   15.060000000000000        1.4354624290174997E-006
   15.080000000000000        1.4447886733911687E-006
   15.100000000000000        1.4538551647554492E-006
   15.120000000000001        1.4626582757884224E-006
   15.140000000000001        1.4711944845413888E-006
   15.160000000000000        1.4794603758479269E-006
   15.180000000000000        1.4874526426902187E-006
   15.200000000000001        1.4951680875220930E-006
   15.220000000000001        1.5026036235483578E-006
   15.240000000000000        1.5097562759597347E-006
   15.260000000000000        1.5166231831230126E-006
   15.280000000000001        1.5232015977259590E-006
   15.300000000000001        1.5294888878764044E-006
   15.320000000000000        1.5354825381553134E-006
   15.340000000000000        1.5411801506230336E-006
   15.359999999999999        1.5465794457787687E-006
   15.380000000000001        1.5516782634724686E-006
   15.400000000000000        1.5564745637691576E-006
   15.420000000000000        1.5609664277649530E-006
   15.440000000000000        1.5651520583549257E-006
   15.460000000000001        1.5690297809519496E-006
   15.480000000000000        1.5725980441567821E-006
   15.500000000000000        1.5758554203786333E-006
   15.520000000000000        1.5788006064064199E-006
   15.540000000000001        1.5814324239301243E-006
   15.560000000000000        1.5837498200121380E-006
   15.580000000000000        1.5857518675086927E-006
   15.600000000000000        1.5874377654405562E-006
   15.620000000000001        1.5888068393137034E-006
   15.640000000000001        1.5898585413890540E-006
   15.660000000000000        1.5905924509016276E-006
   15.680000000000000        1.5910082742289287E-006
   15.700000000000001        1.5911058450083327E-006
   15.720000000000001        1.5908851242037295E-006
   15.740000000000000        1.5903462001210930E-006
   15.760000000000000        1.5894892883731818E-006
   15.780000000000001        1.5883147317932469E-006
   15.800000000000001        1.5868230002979044E-006
   15.820000000000000        1.5850146906990753E-006
   15.840000000000000        1.5828905264652827E-006
   15.860000000000001        1.5804513574321551E-006
   15.880000000000001        1.5776981594624581E-006
   15.900000000000000        1.5746320340556374E-006
   15.920000000000000        1.5712542079071608E-006
   15.940000000000000        1.5675660324177260E-006
   15.960000000000001        1.5635689831526152E-006
   15.980000000000000        1.5592646592512826E-006
   16.000000000000000        1.5546547827876773E-006
   16.020000000000000        1.5497411980811694E-006
   16.039999999999999        1.5445258709587844E-006
   16.059999999999999        1.5390108879685834E-006
   16.080000000000002        1.5331984555450060E-006
   16.100000000000001        1.5270908991260130E-006
   16.120000000000001        1.5206906622228386E-006
   16.140000000000001        1.5140003054422431E-006
   16.160000000000000        1.5070225054622457E-006
   16.180000000000000        1.4997600539610451E-006
   16.199999999999999        1.4922158565002941E-006
   16.219999999999999        1.4843929313625337E-006
   16.240000000000002        1.4762944083436800E-006
   16.260000000000002        1.4679235275008653E-006
   16.280000000000001        1.4592836378561224E-006
   16.300000000000001        1.4503781960565401E-006
   16.320000000000000        1.4412107649913065E-006
   16.340000000000000        1.4317850123662666E-006
   16.359999999999999        1.4221047092365959E-006
   16.379999999999999        1.4121737284979923E-006
   16.399999999999999        1.4019960433372614E-006
   16.420000000000002        1.3915757256427416E-006
   16.440000000000001        1.3809169443751649E-006
   16.460000000000001        1.3700239638997855E-006
   16.480000000000000        1.3589011422802878E-006
   16.500000000000000        1.3475529295351580E-006
   16.520000000000000        1.3359838658574460E-006
   16.539999999999999        1.3241985797981441E-006
   16.559999999999999        1.3122017864145860E-006
   16.580000000000002        1.2999982853838849E-006
   16.600000000000001        1.2875929590828116E-006
   16.620000000000001        1.2749907706343214E-006
   16.640000000000001        1.2621967619220785E-006
   16.660000000000000        1.2492160515730711E-006
   16.680000000000000        1.2360538329100159E-006
   16.699999999999999        1.2227153718733404E-006
   16.719999999999999        1.2092060049146575E-006
   16.740000000000002        1.1955311368614792E-006
   16.760000000000002        1.1816962387551730E-006
   16.780000000000001        1.1677068456616882E-006
   16.800000000000001        1.1535685544576323E-006
   16.820000000000000        1.1392870215904485E-006
   16.840000000000000        1.1248679608160026E-006
   16.859999999999999        1.1103171409120670E-006
   16.879999999999999        1.0956403833708289E-006
   16.899999999999999        1.0808435600694119E-006
   16.920000000000002        1.0659325909210339E-006
   16.940000000000001        1.0509134415062082E-006
   16.960000000000001        1.0357921206863587E-006
   16.980000000000000        1.0205746781995261E-006
   17.000000000000000        1.0052672022402054E-006
   17.020000000000000        9.8987581702340298E-007
   17.039999999999999        9.7440668033461383E-007
   17.059999999999999        9.5886598106605734E-007
   17.080000000000002        9.4325993674083066E-007
   17.100000000000001        9.2759479102512519E-007
   17.120000000000001        9.1187681123058350E-007
   17.140000000000001        8.9611228580655618E-007
   17.160000000000000        8.8030752182449756E-007
   17.180000000000000        8.6446884245437081E-007
   17.199999999999999        8.4860258443517161E-007
   17.219999999999999        8.3271509553938656E-007
   17.240000000000002        8.1681273203371422E-007
   17.260000000000002        8.0090185613572685E-007
   17.280000000000001        7.8498883346881881E-007
   17.300000000000001        7.6908003051504564E-007
   17.320000000000000        7.5318181206846592E-007
   17.340000000000000        7.3730053868828728E-007
   17.359999999999999        7.2144256415451026E-007
   17.379999999999999        7.0561423292557082E-007
   17.400000000000002        6.8982187760036943E-007
   17.420000000000002        6.7407181638439707E-007
   17.440000000000001        6.5837035056231218E-007
   17.460000000000001        6.4272376197652301E-007
   17.480000000000000        6.2713831051432989E-007
   17.500000000000000        6.1162023160316042E-007
   17.520000000000000        5.9617573371615531E-007
   17.539999999999999        5.8081099588800455E-007
   17.559999999999999        5.6553216524316106E-007
   17.580000000000002        5.5034535453617655E-007
   17.600000000000001        5.3525663970641449E-007
   17.620000000000001        5.2027205744688641E-007
   17.640000000000001        5.0539760278939770E-007
   17.660000000000000        4.9063922670576268E-007
   17.680000000000000        4.7600283372720900E-007
   17.699999999999999        4.6149427958181909E-007
   17.719999999999999        4.4711936885208283E-007
   17.740000000000002        4.3288385265225194E-007
   17.760000000000002        4.1879342632779184E-007
   17.780000000000001        4.0485372717643526E-007
   17.800000000000001        3.9107033219316841E-007
   17.820000000000000        3.7744875583861791E-007
   17.840000000000000        3.6399444783317989E-007
   17.859999999999999        3.5071279097640373E-007
   17.879999999999999        3.3760909899366052E-007
   17.900000000000002        3.2468861441003799E-007
   17.920000000000002        3.1195650645312660E-007
   17.940000000000001        2.9941786898466523E-007
   17.960000000000001        2.8707771846284599E-007
   17.980000000000000        2.7494099193506317E-007
   18.000000000000000        2.6301254506299934E-007
   18.020000000000000        2.5129715017964697E-007
   18.039999999999999        2.3979949438030570E-007
   18.059999999999999        2.2852417764708851E-007
   18.080000000000002        2.1747571100882650E-007
   18.100000000000001        2.0665851473603413E-007
   18.120000000000001        1.9607691657269557E-007
   18.140000000000001        1.8573515000459375E-007
   18.160000000000000        1.7563735256578220E-007
   18.180000000000000        1.6578756418306540E-007
   18.199999999999999        1.5618972555984556E-007
   18.219999999999999        1.4684767659942389E-007
   18.240000000000002        1.3776515486879700E-007
   18.260000000000002        1.2894579410327726E-007
   18.280000000000001        1.2039312275277737E-007
   18.300000000000001        1.1211056257006542E-007
   18.320000000000000        1.0410142724186806E-007
   18.340000000000000        9.6368921063051530E-008
   18.359999999999999        8.8916137654771166E-008
   18.379999999999999        8.1746058726586485E-008
   18.400000000000002        7.4861552883740353E-008
   18.420000000000002        6.8265374479338502E-008
   18.440000000000001        6.1960162512477259E-008
   18.460000000000001        5.5948439572371010E-008
   18.480000000000000        5.0232610829176373E-008
   18.500000000000000        4.4814963071658768E-008
   18.520000000000000        3.9697663792370461E-008
   18.539999999999999        3.4882760320410367E-008
   18.559999999999999        3.0372179002404478E-008
   18.580000000000002        2.6167724431721832E-008
   18.600000000000001        2.2271078726576312E-008
   18.620000000000001        1.8683800857000433E-008
   18.640000000000001        1.5407326021124279E-008
   18.660000000000000        1.2442965071014435E-008
   18.680000000000000        9.7919039882212939E-009
   18.699999999999999        7.4552034092819507E-009
   18.719999999999999        5.4337982013464973E-009
   18.740000000000002        3.7284970882438941E-009
   18.760000000000002        2.3399823268329639E-009
   18.780000000000001        1.2688094341187039E-009
   18.800000000000001        5.1540696494305565E-010
   18.820000000000000        8.0076340575248104E-011
   18.840000000000000       -3.7008271903966704E-011
   18.859999999999999        1.6419997071482010E-010
   18.879999999999999        6.8362056903755387E-010
   18.900000000000002        1.5210457132678121E-009
   18.920000000000002        2.6761403663617230E-009
   18.940000000000001        4.1484423980225823E-009
   18.960000000000001        5.9373627696633350E-009
   18.980000000000000        8.0421857700104708E-009
   19.000000000000000        1.0462069301484315E-008
   19.020000000000000        1.3196045217043185E-008
   19.039999999999999        1.6243019707617893E-008
   19.059999999999999        1.9601773739626056E-008
   19.080000000000002        2.3270963542744754E-008
   19.100000000000001        2.7249121147507767E-008
   19.120000000000001        3.1534654972599215E-008
   19.140000000000001        3.6125850461634638E-008
   19.160000000000000        4.1020870769101164E-008
   19.180000000000000        4.6217757495255693E-008
   19.199999999999999        5.1714431469638659E-008
   19.219999999999999        5.7508693582898118E-008
   19.240000000000002        6.3598225666625074E-008
   19.260000000000002        6.9980591420803925E-008
   19.280000000000001        7.6653237388520637E-008
   19.300000000000001        8.3613493977532915E-008
   19.320000000000000        9.0858576528378918E-008
   19.340000000000000        9.8385586428386104E-008
   19.359999999999999        1.0619151227141588E-007
   19.379999999999999        1.1427323106261468E-007
   19.400000000000002        1.2262750946790296E-007
   19.420000000000002        1.3125100510753563E-007
   19.440000000000001        1.4014026789336456E-007
   19.460000000000001        1.4929174140906593E-007
   19.480000000000000        1.5870176433310709E-007
   19.500000000000000        1.6836657190346831E-007
   19.520000000000000        1.7828229742390066E-007
   19.539999999999999        1.8844497381088632E-007
   19.559999999999999        1.9885053518082284E-007
   19.580000000000002        2.0949481847668308E-007
   19.600000000000001        2.2037356513355552E-007
   19.620000000000001        2.3148242278243732E-007
   19.640000000000001        2.4281694699151219E-007
   19.660000000000000        2.5437260304429314E-007
   19.680000000000000        2.6614476775386431E-007
   19.699999999999999        2.7812873131250478E-007
   19.719999999999999        2.9031969917604970E-007
   19.740000000000002        3.0271279398200596E-007
   19.760000000000002        3.1530305750097938E-007
   19.780000000000001        3.2808545262025548E-007
   19.800000000000001        3.4105486535918312E-007
   19.820000000000000        3.5420610691502524E-007
   19.840000000000000        3.6753391573904088E-007
   19.859999999999999        3.8103295964138908E-007
   19.879999999999999        3.9469783792456653E-007
   19.900000000000002        4.0852308354397824E-007
   19.920000000000002        4.2250316529533505E-007
   19.940000000000001        4.3663249002744598E-007
   19.960000000000001        4.5090540488004178E-007
   19.980000000000000        4.6531619954526985E-007
   20.000000000000000        4.7985910855235734E-007
