   0.0000000000000000        2.8210887923433197E-003
   2.0000000000000000E-002   2.8210882859462903E-003
   4.0000000000000001E-002   2.8210874499959462E-003
   5.9999999999999998E-002   2.8210862993634737E-003
   8.0000000000000002E-002   2.8210848561836081E-003
  0.10000000000000001        2.8210831498112093E-003
  0.12000000000000000        2.8210812167634739E-003
  0.14000000000000001        2.8210791006480448E-003
  0.16000000000000000        2.8210768520770826E-003
  0.17999999999999999        2.8210745285674188E-003
  0.20000000000000001        2.8210721944270300E-003
  0.22000000000000000        2.8210699206278854E-003
  0.23999999999999999        2.8210677846655539E-003
  0.26000000000000001        2.8210658704055838E-003
  0.28000000000000003        2.8210642679171519E-003
  0.29999999999999999        2.8210630732940266E-003
  0.32000000000000001        2.8210623884632816E-003
  0.34000000000000002        2.8210623209820539E-003
  0.35999999999999999        2.8210629838225968E-003
  0.38000000000000000        2.8210644951461037E-003
  0.40000000000000002        2.8210669780656065E-003
  0.41999999999999998        2.8210705603982852E-003
  0.44000000000000000        2.8210753744078165E-003
  0.46000000000000002        2.8210815565368002E-003
  0.47999999999999998        2.8210892471302301E-003
  0.50000000000000000        2.8210985901498996E-003
  0.52000000000000002        2.8211097328807834E-003
  0.54000000000000004        2.8211228256292816E-003
  0.56000000000000005        2.8211380214145506E-003
  0.57999999999999996        2.8211554756526103E-003
  0.59999999999999998        2.8211753458346304E-003
  0.62000000000000000        2.8211977911990847E-003
  0.64000000000000001        2.8212229723991113E-003
  0.66000000000000003        2.8212510511649845E-003
  0.68000000000000005        2.8212821899628094E-003
  0.70000000000000007        2.8213165516494843E-003
  0.71999999999999997        2.8213542991252141E-003
  0.73999999999999999        2.8213955949832757E-003
  0.76000000000000001        2.8214406011586265E-003
  0.78000000000000003        2.8214894785749834E-003
  0.80000000000000004        2.8215423867919494E-003
  0.82000000000000006        2.8215994836517625E-003
  0.83999999999999997        2.8216609249274520E-003
  0.85999999999999999        2.8217268639717033E-003
  0.88000000000000000        2.8217974513684335E-003
  0.90000000000000002        2.8218728345863263E-003
  0.92000000000000004        2.8219531576361601E-003
  0.94000000000000006        2.8220385607315023E-003
  0.95999999999999996        2.8221291799542607E-003
  0.97999999999999998        2.8222251469248046E-003
   1.0000000000000000        2.8223265884782184E-003
   1.0200000000000000        2.8224336263461655E-003
   1.0400000000000000        2.8225463768461563E-003
   1.0600000000000001        2.8226649505774474E-003
   1.0800000000000001        2.8227894521254907E-003
   1.1000000000000001        2.8229199797742237E-003
   1.1200000000000001        2.8230566252276683E-003
   1.1400000000000001        2.8231994733407756E-003
   1.1599999999999999        2.8233486018603079E-003
   1.1799999999999999        2.8235040811760460E-003
   1.2000000000000000        2.8236659740829765E-003
   1.2200000000000000        2.8238343355546733E-003
   1.2400000000000000        2.8240092125285951E-003
   1.2600000000000000        2.8241906437033544E-003
   1.2800000000000000        2.8243786593486740E-003
   1.3000000000000000        2.8245732811281294E-003
   1.3200000000000001        2.8247745219353018E-003
   1.3400000000000001        2.8249823857432691E-003
   1.3600000000000001        2.8251968674682460E-003
   1.3800000000000001        2.8254179528471183E-003
   1.4000000000000001        2.8256456183295719E-003
   1.4199999999999999        2.8258798309846989E-003
   1.4399999999999999        2.8261205484225709E-003
   1.4600000000000000        2.8263677187307123E-003
   1.4800000000000000        2.8266212804257730E-003
   1.5000000000000000        2.8268811624205278E-003
   1.5200000000000000        2.8271472840061904E-003
   1.5400000000000000        2.8274195548502446E-003
   1.5600000000000001        2.8276978750097739E-003
   1.5800000000000001        2.8279821349603005E-003
   1.6000000000000001        2.8282722156401691E-003
   1.6200000000000001        2.8285679885104408E-003
   1.6400000000000001        2.8288693156301812E-003
   1.6600000000000001        2.8291760497471431E-003
   1.6799999999999999        2.8294880344036919E-003
   1.7000000000000000        2.8298051040577580E-003
   1.7200000000000000        2.8301270842189326E-003
   1.7400000000000000        2.8304537915990130E-003
   1.7600000000000000        2.8307850342774920E-003
   1.7800000000000000        2.8311206118809334E-003
   1.8000000000000000        2.8314603157768184E-003
   1.8200000000000001        2.8318039292807864E-003
   1.8400000000000001        2.8321512278776757E-003
   1.8600000000000001        2.8325019794554381E-003
   1.8800000000000001        2.8328559445520312E-003
   1.9000000000000001        2.8332128766146167E-003
   1.9199999999999999        2.8335725222708628E-003
   1.9399999999999999        2.8339346216118243E-003
   1.9600000000000000        2.8342989084860415E-003
   1.9800000000000000        2.8346651108043640E-003
   2.0000000000000000        2.8350329508551411E-003
   2.0200000000000000        2.8354021456290343E-003
   2.0400000000000000        2.8357724071534432E-003
   2.0600000000000001        2.8361434428353840E-003
   2.0800000000000001        2.8365149558130034E-003
   2.1000000000000001        2.8368866453145282E-003
   2.1200000000000001        2.8372582070246718E-003
   2.1400000000000001        2.8376293334575514E-003
   2.1600000000000001        2.8379997143357224E-003
   2.1800000000000002        2.8383690369747521E-003
   2.2000000000000002        2.8387369866726903E-003
   2.2200000000000002        2.8391032471038946E-003
   2.2400000000000002        2.8394675007166366E-003
   2.2600000000000002        2.8398294291337566E-003
   2.2800000000000002        2.8401887135560671E-003
   2.3000000000000003        2.8405450351673871E-003
   2.3199999999999998        2.8408980755413498E-003
   2.3399999999999999        2.8412475170484235E-003
   2.3599999999999999        2.8415930432635962E-003
   2.3799999999999999        2.8419343393730752E-003
   2.3999999999999999        2.8422710925803635E-003
   2.4199999999999999        2.8426029925102464E-003
   2.4399999999999999        2.8429297316108259E-003
   2.4600000000000000        2.8432510055524732E-003
   2.4800000000000000        2.8435665136234264E-003
   2.5000000000000000        2.8438759591213258E-003
   2.5200000000000000        2.8441790497401222E-003
   2.5400000000000000        2.8444754979518620E-003
   2.5600000000000001        2.8447650213827011E-003
   2.5800000000000001        2.8450473431826709E-003
   2.6000000000000001        2.8453221923886354E-003
   2.6200000000000001        2.8455893042799336E-003
   2.6400000000000001        2.8458484207261230E-003
   2.6600000000000001        2.8460992905264756E-003
   2.6800000000000002        2.8463416697405626E-003
   2.7000000000000002        2.8465753220095961E-003
   2.7200000000000002        2.8468000188680113E-003
   2.7400000000000002        2.8470155400447412E-003
   2.7600000000000002        2.8472216737541276E-003
   2.7800000000000002        2.8474182169753912E-003
   2.8000000000000003        2.8476049757211537E-003
   2.8199999999999998        2.8477817652936147E-003
   2.8399999999999999        2.8479484105291045E-003
   2.8599999999999999        2.8481047460295855E-003
   2.8799999999999999        2.8482506163818029E-003
   2.8999999999999999        2.8483858763628431E-003
   2.9199999999999999        2.8485103911326370E-003
   2.9399999999999999        2.8486240364124669E-003
   2.9600000000000000        2.8487266986496947E-003
   2.9800000000000000        2.8488182751682332E-003
   3.0000000000000000        2.8488986743046389E-003
   3.0200000000000000        2.8489678155296178E-003
   3.0400000000000000        2.8490256295548065E-003
   3.0600000000000001        2.8490720584245992E-003
   3.0800000000000001        2.8491070555930038E-003
   3.1000000000000001        2.8491305859853423E-003
   3.1200000000000001        2.8491426260447289E-003
   3.1400000000000001        2.8491431637632410E-003
   3.1600000000000001        2.8491321986978723E-003
   3.1800000000000002        2.8491097419709567E-003
   3.2000000000000002        2.8490758162554235E-003
   3.2200000000000002        2.8490304557446189E-003
   3.2400000000000002        2.8489737061068664E-003
   3.2600000000000002        2.8489056244248054E-003
   3.2800000000000002        2.8488262791196194E-003
   3.3000000000000003        2.8487357498601595E-003
   3.3200000000000003        2.8486341274572584E-003
   3.3399999999999999        2.8485215137431575E-003
   3.3599999999999999        2.8483980214364713E-003
   3.3799999999999999        2.8482637739926965E-003
   3.3999999999999999        2.8481189054403869E-003
   3.4199999999999999        2.8479635602036853E-003
   3.4399999999999999        2.8477978929107202E-003
   3.4600000000000000        2.8476220681889239E-003
   3.4800000000000000        2.8474362604468837E-003
   3.5000000000000000        2.8472406536435807E-003
   3.5200000000000000        2.8470354410448429E-003
   3.5400000000000000        2.8468208249678570E-003
   3.5600000000000001        2.8465970165136171E-003
   3.5800000000000001        2.8463642352880300E-003
   3.6000000000000001        2.8461227091119913E-003
   3.6200000000000001        2.8458726737206519E-003
   3.6400000000000001        2.8456143724526484E-003
   3.6600000000000001        2.8453480559294106E-003
   3.6800000000000002        2.8450739817251296E-003
   3.7000000000000002        2.8447924140280714E-003
   3.7200000000000002        2.8445036232931488E-003
   3.7400000000000002        2.8442078858870925E-003
   3.7600000000000002        2.8439054837257343E-003
   3.7800000000000002        2.8435967039049863E-003
   3.8000000000000003        2.8432818383250270E-003
   3.8200000000000003        2.8429611833090951E-003
   3.8399999999999999        2.8426350392168295E-003
   3.8599999999999999        2.8423037100531452E-003
   3.8799999999999999        2.8419675030728901E-003
   3.8999999999999999        2.8416267283820915E-003
   3.9199999999999999        2.8412816985362811E-003
   3.9399999999999999        2.8409327281364821E-003
   3.9600000000000000        2.8405801334235015E-003
   3.9800000000000000        2.8402242318710412E-003
   4.0000000000000000        2.8398653417784103E-003
   4.0200000000000005        2.8395037818631269E-003
   4.0400000000000000        2.8391398708544858E-003
   4.0600000000000005        2.8387739270880918E-003
   4.0800000000000001        2.8384062681026515E-003
   4.0999999999999996        2.8380372102389298E-003
   4.1200000000000001        2.8376670682421366E-003
   4.1399999999999997        2.8372961548677688E-003
   4.1600000000000001        2.8369247804918814E-003
   4.1799999999999997        2.8365532527262977E-003
   4.2000000000000002        2.8361818760390726E-003
   4.2199999999999998        2.8358109513813628E-003
   4.2400000000000002        2.8354407758204459E-003
   4.2599999999999998        2.8350716421804562E-003
   4.2800000000000002        2.8347038386902345E-003
   4.2999999999999998        2.8343376486400424E-003
   4.3200000000000003        2.8339733500464663E-003
   4.3399999999999999        2.8336112153271292E-003
   4.3600000000000003        2.8332515109846888E-003
   4.3799999999999999        2.8328944973015800E-003
   4.4000000000000004        2.8325404280449707E-003
   4.4199999999999999        2.8321895501834111E-003
   4.4400000000000004        2.8318421036145165E-003
   4.4600000000000000        2.8314983209052212E-003
   4.4800000000000004        2.8311584270439018E-003
   4.5000000000000000        2.8308226392057584E-003
   4.5200000000000005        2.8304911665308218E-003
   4.5400000000000000        2.8301642099158872E-003
   4.5600000000000005        2.8298419618197701E-003
   4.5800000000000001        2.8295246060829429E-003
   4.6000000000000005        2.8292123177612338E-003
   4.6200000000000001        2.8289052629741906E-003
   4.6399999999999997        2.8286035987681191E-003
   4.6600000000000001        2.8283074729940948E-003
   4.6799999999999997        2.8280170242010838E-003
   4.7000000000000002        2.8277323815442067E-003
   4.7199999999999998        2.8274536647085197E-003
   4.7400000000000002        2.8271809838479912E-003
   4.7599999999999998        2.8269144395402560E-003
   4.7800000000000002        2.8266541227565697E-003
   4.7999999999999998        2.8264001148476142E-003
   4.8200000000000003        2.8261524875445305E-003
   4.8399999999999999        2.8259113029756784E-003
   4.8600000000000003        2.8256766136985040E-003
   4.8799999999999999        2.8254484627470277E-003
   4.9000000000000004        2.8252268836941349E-003
   4.9199999999999999        2.8250119007292599E-003
   4.9400000000000004        2.8248035287505792E-003
   4.9600000000000000        2.8246017734721010E-003
   4.9800000000000004        2.8244066315449802E-003
   5.0000000000000000        2.8242180906931391E-003
   5.0200000000000005        2.8240361298626764E-003
   5.0400000000000000        2.8238607193849493E-003
   5.0600000000000005        2.8236918211528455E-003
   5.0800000000000001        2.8235293888100713E-003
   5.1000000000000005        2.8233733679529000E-003
   5.1200000000000001        2.8232236963442155E-003
   5.1399999999999997        2.8230803041392393E-003
   5.1600000000000001        2.8229431141226441E-003
   5.1799999999999997        2.8228120419565767E-003
   5.2000000000000002        2.8226869964390997E-003
   5.2199999999999998        2.8225678797726399E-003
   5.2400000000000002        2.8224545878418644E-003
   5.2599999999999998        2.8223470105005737E-003
   5.2800000000000002        2.8222450318669619E-003
   5.2999999999999998        2.8221485306268823E-003
   5.3200000000000003        2.8220573803443747E-003
   5.3399999999999999        2.8219714497790442E-003
   5.3600000000000003        2.8218906032096893E-003
   5.3799999999999999        2.8218147007634579E-003
   5.4000000000000004        2.8217435987502870E-003
   5.4199999999999999        2.8216771500015761E-003
   5.4400000000000004        2.8216152042128888E-003
   5.4600000000000000        2.8215576082898722E-003
   5.4800000000000004        2.8215042066968166E-003
   5.5000000000000000        2.8214548418073037E-003
   5.5200000000000005        2.8214093542562337E-003
   5.5400000000000000        2.8213675832927682E-003
   5.5600000000000005        2.8213293671333580E-003
   5.5800000000000001        2.8212945433144692E-003
   5.6000000000000005        2.8212629490442661E-003
   5.6200000000000001        2.8212344215526523E-003
   5.6399999999999997        2.8212087984391342E-003
   5.6600000000000001        2.8211859180178197E-003
   5.6799999999999997        2.8211656196591010E-003
   5.7000000000000002        2.8211477441272407E-003
   5.7199999999999998        2.8211321339134589E-003
   5.7400000000000002        2.8211186335639301E-003
   5.7599999999999998        2.8211070900020173E-003
   5.7800000000000002        2.8210973528443491E-003
   5.7999999999999998        2.8210892747101224E-003
   5.8200000000000003        2.8210827115231004E-003
   5.8399999999999999        2.8210775228059274E-003
   5.8600000000000003        2.8210735719659840E-003
   5.8799999999999999        2.8210707265727670E-003
   5.9000000000000004        2.8210688586257442E-003
   5.9199999999999999        2.8210678448128538E-003
   5.9400000000000004        2.8210675667586279E-003
   5.9600000000000000        2.8210679112621270E-003
   5.9800000000000004        2.8210687705236695E-003
   6.0000000000000000        2.8210700423605831E-003
   6.0200000000000005        2.8210716304110893E-003
   6.0400000000000000        2.8210734443264497E-003
   6.0600000000000005        2.8210753999506361E-003
   6.0800000000000001        2.8210774194876546E-003
   6.1000000000000005        2.8210794316557656E-003
   6.1200000000000001        2.8210813718289340E-003
   6.1400000000000006        2.8210831821645541E-003
   6.1600000000000001        2.8210848117181534E-003
   6.1799999999999997        2.8210862165437087E-003
   6.2000000000000002        2.8210873597809020E-003
   6.2199999999999998        2.8210882117274314E-003
   6.2400000000000002        2.8210887498981074E-003
   6.2599999999999998        2.8210889590688086E-003
   6.2800000000000002        2.8210888313069992E-003
   6.2999999999999998        2.8210883659870152E-003
   6.3200000000000003        2.8210875697918317E-003
   6.3399999999999999        2.8210864566995714E-003
   6.3600000000000003        2.8210850479565347E-003
   6.3799999999999999        2.8210833720349582E-003
   6.4000000000000004        2.8210814645775457E-003
   6.4199999999999999        2.8210793683267430E-003
   6.4400000000000004        2.8210771330410625E-003
   6.4600000000000000        2.8210748153964273E-003
   6.4800000000000004        2.8210724788748083E-003
   6.5000000000000000        2.8210701936382063E-003
   6.5200000000000005        2.8210680363904474E-003
   6.5400000000000000        2.8210660902245506E-003
   6.5600000000000005        2.8210644444585718E-003
   6.5800000000000001        2.8210631944574475E-003
   6.6000000000000005        2.8210624414438711E-003
   6.6200000000000001        2.8210622922957835E-003
   6.6400000000000006        2.8210628593335761E-003
   6.6600000000000001        2.8210642600945790E-003
   6.6799999999999997        2.8210666170979098E-003
   6.7000000000000002        2.8210700575974825E-003
   6.7199999999999998        2.8210747133260621E-003
   6.7400000000000002        2.8210807202284417E-003
   6.7599999999999998        2.8210882181864162E-003
   6.7800000000000002        2.8210973507338389E-003
   6.7999999999999998        2.8211082647643469E-003
   6.8200000000000003        2.8211211102302887E-003
   6.8399999999999999        2.8211360398351028E-003
   6.8600000000000003        2.8211532087180397E-003
   6.8799999999999999        2.8211727741334139E-003
   6.9000000000000004        2.8211948951231687E-003
   6.9199999999999999        2.8212197321851431E-003
   6.9400000000000004        2.8212474469357274E-003
   6.9600000000000000        2.8212782017693568E-003
   6.9800000000000004        2.8213121595136365E-003
   7.0000000000000000        2.8213494830822625E-003
   7.0200000000000005        2.8213903351250172E-003
   7.0400000000000000        2.8214348776765381E-003
   7.0600000000000005        2.8214832718035467E-003
   7.0800000000000001        2.8215356772518661E-003
   7.1000000000000005        2.8215922520933231E-003
   7.1200000000000001        2.8216531523735083E-003
   7.1400000000000006        2.8217185317607686E-003
   7.1600000000000001        2.8217885411970928E-003
   7.1799999999999997        2.8218633285517561E-003
   7.2000000000000002        2.8219430382777776E-003
   7.2199999999999998        2.8220278110724808E-003
   7.2400000000000002        2.8221177835421572E-003
   7.2599999999999998        2.8222130878718548E-003
   7.2800000000000002        2.8223138515005445E-003
   7.2999999999999998        2.8224201968026301E-003
   7.3200000000000003        2.8225322407758537E-003
   7.3399999999999999        2.8226500947368333E-003
   7.3600000000000003        2.8227738640239177E-003
   7.3799999999999999        2.8229036477089788E-003
   7.4000000000000004        2.8230395383174352E-003
   7.4199999999999999        2.8231816215582651E-003
   7.4400000000000004        2.8233299760633173E-003
   7.4600000000000000        2.8234846731375468E-003
   7.4800000000000004        2.8236457765195315E-003
   7.5000000000000000        2.8238133421537564E-003
   7.5200000000000005        2.8239874179740916E-003
   7.5400000000000000        2.8241680436999297E-003
   7.5600000000000005        2.8243552506442148E-003
   7.5800000000000001        2.8245490615349650E-003
   7.6000000000000005        2.8247494903493580E-003
   7.6200000000000001        2.8249565421620011E-003
   7.6400000000000006        2.8251702130063835E-003
   7.6600000000000001        2.8253904897511356E-003
   7.6799999999999997        2.8256173499898946E-003
   7.7000000000000002        2.8258507619466165E-003
   7.7199999999999998        2.8260906843947859E-003
   7.7400000000000002        2.8263370665925795E-003
   7.7599999999999998        2.8265898482321404E-003
   7.7800000000000002        2.8268489594052266E-003
   7.7999999999999998        2.8271143205831030E-003
   7.8200000000000003        2.8273858426130197E-003
   7.8399999999999999        2.8276634267290469E-003
   7.8600000000000003        2.8279469645796414E-003
   7.8799999999999999        2.8282363382694997E-003
   7.9000000000000004        2.8285314204181491E-003
   7.9199999999999999        2.8288320742327856E-003
   7.9400000000000004        2.8291381535976209E-003
   7.9600000000000000        2.8294495031774038E-003
   7.9800000000000004        2.8297659585370784E-003
   8.0000000000000000        2.8300873462755085E-003
   8.0199999999999996        2.8304134841747571E-003
   8.0400000000000009        2.8307441813632938E-003
   8.0600000000000005        2.8310792384941045E-003
   8.0800000000000001        2.8314184479363981E-003
   8.0999999999999996        2.8317615939815631E-003
   8.1200000000000010        2.8321084530622156E-003
   8.1400000000000006        2.8324587939848535E-003
   8.1600000000000001        2.8328123781748986E-003
   8.1799999999999997        2.8331689599346730E-003
   8.1999999999999993        2.8335282867129625E-003
   8.2200000000000006        2.8338900993867835E-003
   8.2400000000000002        2.8342541325538598E-003
   8.2599999999999998        2.8346201148364094E-003
   8.2799999999999994        2.8349877691948352E-003
   8.3000000000000007        2.8353568132516702E-003
   8.3200000000000003        2.8357269596245120E-003
   8.3399999999999999        2.8360979162682640E-003
   8.3599999999999994        2.8364693868252475E-003
   8.3800000000000008        2.8368410709836336E-003
   8.4000000000000004        2.8372126648426154E-003
   8.4199999999999999        2.8375838612848640E-003
   8.4399999999999995        2.8379543503545988E-003
   8.4600000000000009        2.8383238196417102E-003
   8.4800000000000004        2.8386919546704711E-003
   8.5000000000000000        2.8390584392930817E-003
   8.5199999999999996        2.8394229560865791E-003
   8.5400000000000009        2.8397851867534405E-003
   8.5600000000000005        2.8401448125243778E-003
   8.5800000000000001        2.8405015145635515E-003
   8.5999999999999996        2.8408549743747834E-003
   8.6200000000000010        2.8412048742090319E-003
   8.6400000000000006        2.8415508974715736E-003
   8.6600000000000001        2.8418927291292964E-003
   8.6799999999999997        2.8422300561164997E-003
   8.7000000000000011        2.8425625677394608E-003
   8.7200000000000006        2.8428899560785244E-003
   8.7400000000000002        2.8432119163876576E-003
   8.7599999999999998        2.8435281474902909E-003
   8.7799999999999994        2.8438383521715740E-003
   8.8000000000000007        2.8441422375657418E-003
   8.8200000000000003        2.8444395155386277E-003
   8.8399999999999999        2.8447299030643770E-003
   8.8599999999999994        2.8450131225960613E-003
   8.8800000000000008        2.8452889024294346E-003
   8.9000000000000004        2.8455569770595300E-003
   8.9199999999999999        2.8458170875294178E-003
   8.9399999999999995        2.8460689817707079E-003
   8.9600000000000009        2.8463124149352742E-003
   8.9800000000000004        2.8465471497177292E-003
   9.0000000000000000        2.8467729566682477E-003
   9.0199999999999996        2.8469896144951586E-003
   9.0400000000000009        2.8471969103570386E-003
   9.0600000000000005        2.8473946401437905E-003
   9.0800000000000001        2.8475826087462968E-003
   9.0999999999999996        2.8477606303143783E-003
   9.1200000000000010        2.8479285285025594E-003
   9.1400000000000006        2.8480861367033944E-003
   9.1600000000000001        2.8482332982679363E-003
   9.1799999999999997        2.8483698667132185E-003
   9.2000000000000011        2.8484957059161310E-003
   9.2200000000000006        2.8486106902938565E-003
   9.2400000000000002        2.8487147049701678E-003
   9.2599999999999998        2.8488076459277575E-003
   9.2799999999999994        2.8488894201459886E-003
   9.3000000000000007        2.8489599457243273E-003
   9.3200000000000003        2.8490191519908344E-003
   9.3399999999999999        2.8490669795959178E-003
   9.3599999999999994        2.8491033805909116E-003
   9.3800000000000008        2.8491283184918317E-003
   9.4000000000000004        2.8491417683274697E-003
   9.4199999999999999        2.8491437166727218E-003
   9.4399999999999995        2.8491341616661307E-003
   9.4600000000000009        2.8491131130125025E-003
   9.4800000000000004        2.8490805919697201E-003
   9.5000000000000000        2.8490366313207375E-003
   9.5199999999999996        2.8489812753297659E-003
   9.5400000000000009        2.8489145796837044E-003
   9.5600000000000005        2.8488366114179701E-003
   9.5800000000000001        2.8487474488277345E-003
   9.5999999999999996        2.8486471813637319E-003
   9.6200000000000010        2.8485359095138914E-003
   9.6400000000000006        2.8484137446696469E-003
   9.6600000000000001        2.8482808089785590E-003
   9.6799999999999997        2.8481372351820107E-003
   9.7000000000000011        2.8479831664395151E-003
   9.7200000000000006        2.8478187561387595E-003
   9.7400000000000002        2.8476441676925980E-003
   9.7599999999999998        2.8474595743224135E-003
   9.7799999999999994        2.8472651588290513E-003
   9.8000000000000007        2.8470611133506315E-003
   9.8200000000000003        2.8468476391087078E-003
   9.8399999999999999        2.8466249461419398E-003
   9.8599999999999994        2.8463932530288657E-003
   9.8800000000000008        2.8461527865989641E-003
   9.9000000000000004        2.8459037816335690E-003
   9.9199999999999999        2.8456464805560223E-003
   9.9399999999999995        2.8453811331123260E-003
   9.9600000000000009        2.8451079960422412E-003
   9.9800000000000004        2.8448273327415135E-003
   10.000000000000000        2.8445394129156540E-003
   10.020000000000000        2.8442445122258187E-003
   10.040000000000001        2.8439429119272064E-003
   10.060000000000000        2.8436348985006166E-003
   10.080000000000000        2.8433207632775773E-003
   10.100000000000000        2.8430008020596613E-003
   10.120000000000001        2.8426753147325519E-003
   10.140000000000001        2.8423446048753734E-003
   10.160000000000000        2.8420089793658614E-003
   10.180000000000000        2.8416687479820030E-003
   10.200000000000001        2.8413242230006762E-003
   10.220000000000001        2.8409757187938828E-003
   10.240000000000000        2.8406235514232283E-003
   10.260000000000000        2.8402680382331727E-003
   10.279999999999999        2.8399094974436742E-003
   10.300000000000001        2.8395482477429012E-003
   10.320000000000000        2.8391846078804975E-003
   10.340000000000000        2.8388188962621156E-003
   10.359999999999999        2.8384514305457645E-003
   10.380000000000001        2.8380825272405902E-003
   10.400000000000000        2.8377125013086947E-003
   10.420000000000000        2.8373416657706181E-003
   10.440000000000000        2.8369703313149836E-003
   10.460000000000001        2.8365988059130438E-003
   10.480000000000000        2.8362273944385883E-003
   10.500000000000000        2.8358563982938162E-003
   10.520000000000000        2.8354861150417612E-003
   10.540000000000001        2.8351168380458874E-003
   10.560000000000000        2.8347488561171821E-003
   10.580000000000000        2.8343824531695985E-003
   10.600000000000000        2.8340179078841193E-003
   10.620000000000001        2.8336554933820223E-003
   10.640000000000001        2.8332954769079116E-003
   10.660000000000000        2.8329381195229802E-003
   10.680000000000000        2.8325836758087758E-003
   10.700000000000001        2.8322323935823118E-003
   10.720000000000001        2.8318845136224608E-003
   10.740000000000000        2.8315402694085901E-003
   10.760000000000000        2.8311998868712175E-003
   10.779999999999999        2.8308635841557558E-003
   10.800000000000001        2.8305315713989514E-003
   10.820000000000000        2.8302040505191061E-003
   10.840000000000000        2.8298812150196529E-003
   10.859999999999999        2.8295632498070403E-003
   10.880000000000001        2.8292503310226977E-003
   10.900000000000000        2.8289426258895525E-003
   10.920000000000000        2.8286402925733010E-003
   10.940000000000000        2.8283434800585715E-003
   10.960000000000001        2.8280523280401334E-003
   10.980000000000000        2.8277669668293841E-003
   11.000000000000000        2.8274875172761131E-003
   11.020000000000000        2.8272140907057500E-003
   11.040000000000001        2.8269467888720136E-003
   11.060000000000000        2.8266857039251771E-003
   11.080000000000000        2.8264309183957752E-003
   11.100000000000000        2.8261825051939067E-003
   11.120000000000001        2.8259405276239314E-003
   11.140000000000001        2.8257050394146594E-003
   11.160000000000000        2.8254760847647091E-003
   11.180000000000000        2.8252536984032521E-003
   11.200000000000001        2.8250379056655528E-003
   11.220000000000001        2.8248287225836346E-003
   11.240000000000000        2.8246261559913355E-003
   11.260000000000000        2.8244302036441100E-003
   11.279999999999999        2.8242408543526741E-003
   11.300000000000001        2.8240580881309985E-003
   11.320000000000000        2.8238818763574591E-003
   11.340000000000000        2.8237121819497685E-003
   11.359999999999999        2.8235489595524383E-003
   11.380000000000001        2.8233921557373042E-003
   11.400000000000000        2.8232417092157545E-003
   11.420000000000000        2.8230975510633704E-003
   11.440000000000000        2.8229596049553834E-003
   11.460000000000001        2.8228277874136338E-003
   11.480000000000000        2.8227020080635423E-003
   11.500000000000000        2.8225821699015396E-003
   11.520000000000000        2.8224681695716686E-003
   11.540000000000001        2.8223598976514969E-003
   11.560000000000000        2.8222572389463535E-003
   11.580000000000000        2.8221600727916111E-003
   11.600000000000000        2.8220682733623684E-003
   11.620000000000001        2.8219817099900918E-003
   11.640000000000001        2.8219002474853157E-003
   11.660000000000000        2.8218237464664557E-003
   11.680000000000000        2.8217520636932745E-003
   11.700000000000001        2.8216850524054159E-003
   11.720000000000001        2.8216225626643142E-003
   11.740000000000000        2.8215644416990952E-003
   11.760000000000000        2.8215105342544737E-003
   11.779999999999999        2.8214606829415761E-003
   11.800000000000001        2.8214147285894157E-003
   11.820000000000000        2.8213725105981735E-003
   11.840000000000000        2.8213338672918478E-003
   11.859999999999999        2.8212986362714291E-003
   11.880000000000001        2.8212666547663850E-003
   11.900000000000000        2.8212377599852573E-003
   11.920000000000000        2.8212117894635632E-003
   11.940000000000000        2.8211885814093890E-003
   11.960000000000001        2.8211679750453074E-003
   11.980000000000000        2.8211498109467019E-003
   12.000000000000000        2.8211339313752521E-003
   12.020000000000000        2.8211201806077548E-003
   12.040000000000001        2.8211084052589016E-003
   12.060000000000000        2.8210984545983682E-003
   12.080000000000000        2.8210901808607297E-003
   12.100000000000000        2.8210834395486326E-003
   12.120000000000001        2.8210780897278145E-003
   12.140000000000001        2.8210739943143083E-003
   12.160000000000000        2.8210710203525973E-003
   12.180000000000000        2.8210690392849224E-003
   12.200000000000001        2.8210679272107249E-003
   12.220000000000001        2.8210675651362815E-003
   12.240000000000000        2.8210678392137038E-003
   12.260000000000000        2.8210686409692364E-003
   12.280000000000001        2.8210698675202291E-003
   12.300000000000001        2.8210714217806196E-003
   12.320000000000000        2.8210732126544343E-003
   12.340000000000000        2.8210751552170941E-003
   12.359999999999999        2.8210771708841714E-003
   12.380000000000001        2.8210791875673520E-003
   12.400000000000000        2.8210811398172945E-003
   12.420000000000000        2.8210829689532839E-003
   12.440000000000000        2.8210846231792298E-003
   12.460000000000001        2.8210860576861666E-003
   12.480000000000000        2.8210872347406201E-003
   12.500000000000000        2.8210881237592956E-003
   12.520000000000000        2.8210887013692641E-003
   12.540000000000001        2.8210889514543045E-003
   12.560000000000000        2.8210888651865537E-003
   12.580000000000000        2.8210884410441702E-003
   12.600000000000000        2.8210876848142768E-003
   12.620000000000001        2.8210866095817774E-003
   12.640000000000001        2.8210852357036346E-003
   12.660000000000000        2.8210835907689124E-003
   12.680000000000000        2.8210817095444766E-003
   12.700000000000001        2.8210796339065828E-003
   12.720000000000001        2.8210774127583695E-003
   12.740000000000000        2.8210751019334158E-003
   12.760000000000000        2.8210727640855270E-003
   12.780000000000001        2.8210704685649474E-003
   12.800000000000001        2.8210682912811580E-003
   12.820000000000000        2.8210663145525005E-003
   12.840000000000000        2.8210646269429137E-003
   12.859999999999999        2.8210633230859703E-003
   12.880000000000001        2.8210625034966030E-003
   12.900000000000000        2.8210622743707206E-003
   12.920000000000000        2.8210627473731118E-003
   12.940000000000000        2.8210640394140309E-003
   12.960000000000001        2.8210662724146526E-003
   12.980000000000000        2.8210695730620629E-003
   13.000000000000000        2.8210740725538581E-003
   13.020000000000000        2.8210799063331255E-003
   13.040000000000001        2.8210872138139218E-003
   13.060000000000000        2.8210961380980134E-003
   13.080000000000000        2.8211068256829724E-003
   13.100000000000000        2.8211194261626446E-003
   13.120000000000001        2.8211340919198111E-003
   13.140000000000001        2.8211509778123421E-003
   13.160000000000000        2.8211702408525723E-003
   13.180000000000000        2.8211920398811272E-003
   13.200000000000001        2.8212165352352638E-003
   13.220000000000001        2.8212438884125655E-003
   13.240000000000000        2.8212742617304718E-003
   13.260000000000000        2.8213078179821537E-003
   13.280000000000001        2.8213447200894758E-003
   13.300000000000001        2.8213851307535096E-003
   13.320000000000000        2.8214292121032242E-003
   13.340000000000000        2.8214771253430321E-003
   13.359999999999999        2.8215290303997159E-003
   13.380000000000001        2.8215850855693139E-003
   13.400000000000000        2.8216454471648197E-003
   13.420000000000000        2.8217102691648205E-003
   13.440000000000000        2.8217797028643856E-003
   13.460000000000001        2.8218538965279903E-003
   13.480000000000000        2.8219329950459923E-003
   13.500000000000000        2.8220171395942520E-003
   13.520000000000000        2.8221064672986477E-003
   13.540000000000001        2.8222011109038428E-003
   13.560000000000000        2.8223011984481071E-003
   13.580000000000000        2.8224068529436623E-003
   13.600000000000000        2.8225181920641723E-003
   13.620000000000001        2.8226353278388381E-003
   13.640000000000001        2.8227583663549024E-003
   13.660000000000000        2.8228874074676504E-003
   13.680000000000000        2.8230225445201153E-003
   13.700000000000001        2.8231638640710969E-003
   13.720000000000001        2.8233114456340824E-003
   13.740000000000000        2.8234653614253101E-003
   13.760000000000000        2.8236256761237995E-003
   13.780000000000001        2.8237924466413939E-003
   13.800000000000001        2.8239657219056233E-003
   13.820000000000000        2.8241455426534562E-003
   13.840000000000000        2.8243319412387135E-003
   13.859999999999999        2.8245249414509919E-003
   13.880000000000001        2.8247245583491710E-003
   13.900000000000000        2.8249307981069033E-003
   13.920000000000000        2.8251436578735083E-003
   13.940000000000000        2.8253631256472738E-003
   13.960000000000001        2.8255891801648057E-003
   13.980000000000000        2.8258217908032649E-003
   14.000000000000000        2.8260609174990199E-003
   14.020000000000000        2.8263065106796854E-003
   14.040000000000001        2.8265585112128445E-003
   14.060000000000000        2.8268168503684673E-003
   14.080000000000000        2.8270814497982758E-003
   14.100000000000000        2.8273522215289909E-003
   14.120000000000001        2.8276290679725364E-003
   14.140000000000001        2.8279118819505168E-003
   14.160000000000000        2.8282005467352486E-003
   14.180000000000000        2.8284949361054392E-003
   14.200000000000001        2.8287949144181362E-003
   14.220000000000001        2.8291003366951962E-003
   14.240000000000000        2.8294110487259005E-003
   14.260000000000000        2.8297268871839017E-003
   14.280000000000001        2.8300476797598647E-003
   14.300000000000001        2.8303732453083138E-003
   14.320000000000000        2.8307033940096040E-003
   14.340000000000000        2.8310379275458303E-003
   14.359999999999999        2.8313766392911895E-003
   14.380000000000001        2.8317193145159696E-003
   14.400000000000000        2.8320657306042016E-003
   14.420000000000000        2.8324156572844803E-003
   14.440000000000000        2.8327688568736964E-003
   14.460000000000001        2.8331250845332516E-003
   14.480000000000000        2.8334840885374277E-003
   14.500000000000000        2.8338456105534674E-003
   14.520000000000000        2.8342093859329699E-003
   14.540000000000001        2.8345751440141259E-003
   14.560000000000000        2.8349426084343780E-003
   14.580000000000000        2.8353114974529934E-003
   14.600000000000000        2.8356815242830749E-003
   14.620000000000001        2.8360523974325130E-003
   14.640000000000001        2.8364238210533701E-003
   14.660000000000000        2.8367954952990674E-003
   14.680000000000000        2.8371671166890497E-003
   14.700000000000001        2.8375383784800868E-003
   14.720000000000001        2.8379089710439489E-003
   14.740000000000000        2.8382785822505946E-003
   14.760000000000000        2.8386468978565471E-003
   14.780000000000001        2.8390136018976841E-003
   14.800000000000001        2.8393783770859706E-003
   14.820000000000000        2.8397409052094550E-003
   14.840000000000000        2.8401008675349782E-003
   14.859999999999999        2.8404579452129671E-003
   14.880000000000001        2.8408118196837587E-003
   14.900000000000000        2.8411621730847392E-003
   14.920000000000000        2.8415086886577805E-003
   14.940000000000000        2.8418510511563910E-003
   14.960000000000001        2.8421889472518484E-003
   14.980000000000000        2.8425220659379063E-003
   15.000000000000000        2.8428500989332302E-003
   15.020000000000000        2.8431727410812529E-003
   15.040000000000001        2.8434896907465826E-003
   15.060000000000000        2.8438006502076326E-003
   15.080000000000000        2.8441053260447042E-003
   15.100000000000000        2.8444034295230787E-003
   15.120000000000001        2.8446946769704797E-003
   15.140000000000001        2.8449787901484482E-003
   15.160000000000000        2.8452554966170171E-003
   15.180000000000000        2.8455245300921706E-003
   15.200000000000001        2.8457856307955859E-003
   15.220000000000001        2.8460385457962038E-003
   15.240000000000000        2.8462830293430508E-003
   15.260000000000000        2.8465188431888539E-003
   15.280000000000001        2.8467457569040814E-003
   15.300000000000001        2.8469635481808034E-003
   15.320000000000000        2.8471720031261446E-003
   15.340000000000000        2.8473709165446328E-003
   15.359999999999999        2.8475600922094166E-003
   15.380000000000001        2.8477393431215166E-003
   15.400000000000000        2.8479084917572557E-003
   15.420000000000000        2.8480673703029850E-003
   15.440000000000000        2.8482158208773243E-003
   15.460000000000001        2.8483536957400290E-003
   15.480000000000000        2.8484808574877796E-003
   15.500000000000000        2.8485971792360856E-003
   15.520000000000000        2.8487025447874611E-003
   15.540000000000001        2.8487968487853972E-003
   15.560000000000000        2.8488799968539695E-003
   15.580000000000000        2.8489519057230306E-003
   15.600000000000000        2.8490125033384661E-003
   15.620000000000001        2.8490617289578428E-003
   15.640000000000001        2.8490995332308817E-003
   15.660000000000000        2.8491258782648654E-003
   15.680000000000000        2.8491407376749207E-003
   15.700000000000001        2.8491440966188961E-003
   15.720000000000001        2.8491359518170458E-003
   15.740000000000000        2.8491163115563038E-003
   15.760000000000000        2.8490851956792318E-003
   15.780000000000001        2.8490426355576174E-003
   15.800000000000001        2.8489886740507855E-003
   15.820000000000000        2.8489233654486593E-003
   15.840000000000000        2.8488467753996828E-003
   15.860000000000001        2.8487589808236262E-003
   15.880000000000001        2.8486600698095447E-003
   15.900000000000000        2.8485501414988387E-003
   15.920000000000000        2.8484293059537107E-003
   15.940000000000000        2.8482976840112318E-003
   15.960000000000001        2.8481554071230460E-003
   15.980000000000000        2.8480026171811292E-003
   16.000000000000000        2.8478394663297192E-003
   16.020000000000000        2.8476661167637723E-003
   16.039999999999999        2.8474827405141276E-003
   16.059999999999999        2.8472895192197239E-003
   16.080000000000002        2.8470866438872816E-003
   16.100000000000001        2.8468743146385788E-003
   16.120000000000001        2.8466527404459423E-003
   16.140000000000001        2.8464221388560073E-003
   16.160000000000000        2.8461827357025250E-003
   16.180000000000000        2.8459347648081999E-003
   16.199999999999999        2.8456784676763559E-003
   16.219999999999999        2.8454140931726312E-003
   16.240000000000002        2.8451418971972191E-003
   16.260000000000002        2.8448621423482058E-003
   16.280000000000001        2.8445750975763162E-003
   16.300000000000001        2.8442810378317431E-003
   16.320000000000000        2.8439802437034804E-003
   16.340000000000000        2.8436730010515960E-003
   16.359999999999999        2.8433596006332191E-003
   16.379999999999999        2.8430403377224887E-003
   16.399999999999999        2.8427155117252234E-003
   16.420000000000002        2.8423854257888458E-003
   16.440000000000001        2.8420503864079825E-003
   16.460000000000001        2.8417107030265405E-003
   16.480000000000000        2.8413666876366730E-003
   16.500000000000000        2.8410186543752591E-003
   16.520000000000000        2.8406669191186240E-003
   16.539999999999999        2.8403117990757798E-003
   16.559999999999999        2.8399536123813081E-003
   16.580000000000002        2.8395926776878131E-003
   16.600000000000001        2.8392293137592894E-003
   16.620000000000001        2.8388638390652705E-003
   16.640000000000001        2.8384965713771407E-003
   16.660000000000000        2.8381278273663150E-003
   16.680000000000000        2.8377579222059945E-003
   16.699999999999999        2.8373871691757565E-003
   16.719999999999999        2.8370158792711017E-003
   16.740000000000002        2.8366443608169281E-003
   16.760000000000002        2.8362729190871991E-003
   16.780000000000001        2.8359018559295361E-003
   16.800000000000001        2.8355314693974346E-003
   16.820000000000000        2.8351620533882522E-003
   16.840000000000000        2.8347938972900460E-003
   16.859999999999999        2.8344272856353396E-003
   16.879999999999999        2.8340624977646386E-003
   16.899999999999999        2.8336998074980752E-003
   16.920000000000002        2.8333394828176459E-003
   16.940000000000001        2.8329817855587769E-003
   16.960000000000001        2.8326269711131742E-003
   16.980000000000000        2.8322752881421425E-003
   17.000000000000000        2.8319269783019536E-003
   17.020000000000000        2.8315822759805609E-003
   17.039999999999999        2.8312414080471780E-003
   17.059999999999999        2.8309045936139574E-003
   17.080000000000002        2.8305720438113512E-003
   17.100000000000001        2.8302439615760342E-003
   17.120000000000001        2.8299205414534876E-003
   17.140000000000001        2.8296019694134793E-003
   17.160000000000000        2.8292884226808431E-003
   17.180000000000000        2.8289800695796780E-003
   17.199999999999999        2.8286770693933608E-003
   17.219999999999999        2.8283795722382618E-003
   17.240000000000002        2.8280877189537337E-003
   17.260000000000002        2.8278016410060659E-003
   17.280000000000001        2.8275214604090737E-003
   17.300000000000001        2.8272472896586822E-003
   17.320000000000000        2.8269792316844749E-003
   17.340000000000000        2.8267173798152373E-003
   17.359999999999999        2.8264618177616194E-003
   17.379999999999999        2.8262126196126262E-003
   17.400000000000002        2.8259698498493339E-003
   17.420000000000002        2.8257335633723227E-003
   17.440000000000001        2.8255038055460206E-003
   17.460000000000001        2.8252806122567296E-003
   17.480000000000000        2.8250640099871725E-003
   17.500000000000000        2.8248540159045515E-003
   17.520000000000000        2.8246506379645945E-003
   17.539999999999999        2.8244538750287762E-003
   17.559999999999999        2.8242637169971418E-003
   17.580000000000002        2.8240801449536408E-003
   17.600000000000001        2.8239031313266045E-003
   17.620000000000001        2.8237326400611007E-003
   17.640000000000001        2.8235686268057742E-003
   17.660000000000000        2.8234110391108522E-003
   17.680000000000000        2.8232598166399786E-003
   17.699999999999999        2.8231148913922788E-003
   17.719999999999999        2.8229761879376087E-003
   17.740000000000002        2.8228436236610007E-003
   17.760000000000002        2.8227171090196243E-003
   17.780000000000001        2.8225965478077177E-003
   17.800000000000001        2.8224818374333401E-003
   17.820000000000000        2.8223728692019310E-003
   17.840000000000000        2.8222695286107963E-003
   17.859999999999999        2.8221716956491798E-003
   17.879999999999999        2.8220792451083372E-003
   17.900000000000002        2.8219920468960705E-003
   17.920000000000002        2.8219099663600263E-003
   17.940000000000001        2.8218328646144393E-003
   17.960000000000001        2.8217605988744483E-003
   17.980000000000000        2.8216930227926238E-003
   18.000000000000000        2.8216299868019370E-003
   18.020000000000000        2.8215713384597461E-003
   18.039999999999999        2.8215169227969648E-003
   18.059999999999999        2.8214665826670382E-003
   18.080000000000002        2.8214201590989079E-003
   18.100000000000001        2.8213774916485924E-003
   18.120000000000001        2.8213384187534192E-003
   18.140000000000001        2.8213027780837224E-003
   18.160000000000000        2.8212704068959937E-003
   18.180000000000000        2.8212411423822440E-003
   18.199999999999999        2.8212148220195508E-003
   18.219999999999999        2.8211912839147721E-003
   18.240000000000002        2.8211703671481071E-003
   18.260000000000002        2.8211519121107290E-003
   18.280000000000001        2.8211357608400522E-003
   18.300000000000001        2.8211217573480061E-003
   18.320000000000000        2.8211097479457522E-003
   18.340000000000000        2.8210995815602683E-003
   18.359999999999999        2.8210911100464966E-003
   18.379999999999999        2.8210841884899560E-003
   18.400000000000002        2.8210786755042518E-003
   18.420000000000002        2.8210744335177996E-003
   18.440000000000001        2.8210713290545528E-003
   18.460000000000001        2.8210692330030104E-003
   18.480000000000000        2.8210680208782851E-003
   18.500000000000000        2.8210675730715876E-003
   18.520000000000000        2.8210677750918848E-003
   18.539999999999999        2.8210685177942636E-003
   18.559999999999999        2.8210696975995166E-003
   18.580000000000002        2.8210712166998934E-003
   18.600000000000001        2.8210729832552207E-003
   18.620000000000001        2.8210749115745973E-003
   18.640000000000001        2.8210769222878182E-003
   18.660000000000000        2.8210789425018087E-003
   18.680000000000000        2.8210809059462305E-003
   18.699999999999999        2.8210827531036250E-003
   18.719999999999999        2.8210844313282333E-003
   18.740000000000002        2.8210858949490277E-003
   18.760000000000002        2.8210871053609811E-003
   18.780000000000001        2.8210880311002181E-003
   18.800000000000001        2.8210886479072585E-003
   18.820000000000000        2.8210889387737755E-003
   18.840000000000000        2.8210888939773095E-003
   18.859999999999999        2.8210885110994469E-003
   18.879999999999999        2.8210877950316867E-003
   18.900000000000002        2.8210867579649729E-003
   18.920000000000002        2.8210854193666752E-003
   18.940000000000001        2.8210838059415152E-003
   18.960000000000001        2.8210819515798301E-003
   18.980000000000000        2.8210798972901356E-003
   19.000000000000000        2.8210776911190357E-003
   19.020000000000000        2.8210753880558155E-003
   19.039999999999999        2.8210730499245613E-003
   19.059999999999999        2.8210707452613923E-003
   19.080000000000002        2.8210685491794766E-003
   19.100000000000001        2.8210665432197328E-003
   19.120000000000001        2.8210648151896231E-003
   19.140000000000001        2.8210634589882480E-003
   19.160000000000000        2.8210625744200467E-003
   19.180000000000000        2.8210622669954085E-003
   19.199999999999999        2.8210626477204659E-003
   19.219999999999999        2.8210638328745718E-003
   19.240000000000002        2.8210659437775780E-003
   19.260000000000002        2.8210691065455864E-003
   19.280000000000001        2.8210734518373509E-003
   19.300000000000001        2.8210791145898222E-003
   19.320000000000000        2.8210862337453703E-003
   19.340000000000000        2.8210949519689612E-003
   19.359999999999999        2.8211054153579216E-003
   19.379999999999999        2.8211177731426503E-003
   19.400000000000002        2.8211321773808844E-003
   19.420000000000002        2.8211487826439695E-003
   19.440000000000001        2.8211677456976472E-003
   19.460000000000001        2.8211892251759642E-003
   19.480000000000000        2.8212133812508047E-003
   19.500000000000000        2.8212403752955885E-003
   19.520000000000000        2.8212703695457875E-003
   19.539999999999999        2.8213035267547321E-003
   19.559999999999999        2.8213400098473880E-003
   19.580000000000002        2.8213799815706344E-003
   19.600000000000001        2.8214236041426812E-003
   19.620000000000001        2.8214710389001208E-003
   19.640000000000001        2.8215224459455747E-003
   19.660000000000000        2.8215779837938333E-003
   19.680000000000000        2.8216378090201231E-003
   19.699999999999999        2.8217020759079641E-003
   19.719999999999999        2.8217709361002918E-003
   19.740000000000002        2.8218445382516438E-003
   19.760000000000002        2.8219230276845682E-003
   19.780000000000001        2.8220065460484384E-003
   19.800000000000001        2.8220952309837254E-003
   19.820000000000000        2.8221892157898245E-003
   19.840000000000000        2.8222886290994926E-003
   19.859999999999999        2.8223935945580975E-003
   19.879999999999999        2.8225042305105486E-003
   19.900000000000002        2.8226206496942906E-003
   19.920000000000002        2.8227429589409133E-003
   19.940000000000001        2.8228712588851176E-003
   19.960000000000001        2.8230056436832369E-003
   19.980000000000000        2.8231462007402082E-003
   20.000000000000000        2.8232930104471056E-003
