   0.0000000000000000       0.70710682362568300     
   2.0000000000000000E-002  0.70710695087516229     
   4.0000000000000001E-002  0.70710716273132412     
   5.9999999999999998E-002  0.70710745885508297     
   8.0000000000000002E-002  0.70710783877249339     
  0.10000000000000001       0.70710830187548979     
  0.12000000000000000       0.70710884742287083     
  0.14000000000000001       0.70710947454148487     
  0.16000000000000000       0.70711018222762390     
  0.17999999999999999       0.70711096934863948     
  0.20000000000000001       0.70711183464474603     
  0.22000000000000000       0.70711277673105122     
  0.23999999999999999       0.70711379409975772     
  0.26000000000000001       0.70711488512259602     
  0.28000000000000003       0.70711604805341588     
  0.29999999999999999       0.70711728103099203     
  0.32000000000000001       0.70711858208200329     
  0.34000000000000002       0.70711994912418830     
  0.35999999999999999       0.70712137996968660     
  0.38000000000000000       0.70712287232853543     
  0.40000000000000002       0.70712442381233864     
  0.41999999999999998       0.70712603193809997     
  0.44000000000000000       0.70712769413217225     
  0.46000000000000002       0.70712940773441713     
  0.47999999999999998       0.70713117000242798     
  0.50000000000000000       0.70713297811594655     
  0.52000000000000002       0.70713482918135107     
  0.54000000000000004       0.70713672023633034     
  0.56000000000000005       0.70713864825456885     
  0.57999999999999996       0.70714061015065566     
  0.59999999999999998       0.70714260278495933     
  0.62000000000000000       0.70714462296871328     
  0.64000000000000001       0.70714666746906762     
  0.66000000000000003       0.70714873301430869     
  0.68000000000000005       0.70715081629904974     
  0.70000000000000007       0.70715291398957636     
  0.71999999999999997       0.70715502272911868     
  0.73999999999999999       0.70715713914328904     
  0.76000000000000001       0.70715925984541494     
  0.78000000000000003       0.70716138144202878     
  0.80000000000000004       0.70716350053822385     
  0.82000000000000006       0.70716561374316800     
  0.83999999999999997       0.70716771767543940     
  0.85999999999999999       0.70716980896853077     
  0.88000000000000000       0.70717188427614341     
  0.90000000000000002       0.70717394027762748     
  0.92000000000000004       0.70717597368321738     
  0.94000000000000006       0.70717798123936548     
  0.95999999999999996       0.70717995973387726     
  0.97999999999999998       0.70718190600111841     
   1.0000000000000000       0.70718381692701104     
   1.0200000000000000       0.70718568945408711     
   1.0400000000000000       0.70718752058630041     
   1.0600000000000001       0.70718930739389596     
   1.0800000000000001       0.70719104701802982     
   1.1000000000000001       0.70719273667539162     
   1.1200000000000001       0.70719437366262272     
   1.1400000000000001       0.70719595536066004     
   1.1599999999999999       0.70719747923890774     
   1.1799999999999999       0.70719894285930474     
   1.2000000000000000       0.70720034388019659     
   1.2200000000000000       0.70720168006011508     
   1.2400000000000000       0.70720294926132410     
   1.2600000000000000       0.70720414945326693     
   1.2800000000000000       0.70720527871579963     
   1.3000000000000000       0.70720633524227139     
   1.3200000000000001       0.70720731734238940     
   1.3400000000000001       0.70720822344496126     
   1.3600000000000001       0.70720905210036322     
   1.3800000000000001       0.70720980198289396     
   1.4000000000000001       0.70721047189287300     
   1.4199999999999999       0.70721106075856410     
   1.4399999999999999       0.70721156763789272     
   1.4600000000000000       0.70721199171994797     
   1.4800000000000000       0.70721233232628133     
   1.5000000000000000       0.70721258891198580     
   1.5200000000000000       0.70721276106657682     
   1.5400000000000000       0.70721284851464350     
   1.5600000000000001       0.70721285111628196     
   1.5800000000000001       0.70721276886733264     
   1.6000000000000001       0.70721260189937829     
   1.6200000000000001       0.70721235047953213     
   1.6400000000000001       0.70721201501001818     
   1.6600000000000001       0.70721159602752259     
   1.6799999999999999       0.70721109420233208     
   1.7000000000000000       0.70721051033727900     
   1.7200000000000000       0.70720984536643050     
   1.7400000000000000       0.70720910035363049     
   1.7600000000000000       0.70720827649075368     
   1.7800000000000000       0.70720737509585252     
   1.8000000000000000       0.70720639761099990     
   1.8200000000000001       0.70720534560002057     
   1.8400000000000001       0.70720422074596945     
   1.8600000000000001       0.70720302484845399     
   1.8800000000000001       0.70720175982074140     
   1.9000000000000001       0.70720042768671409     
   1.9199999999999999       0.70719903057762767     
   1.9399999999999999       0.70719757072870237     
   1.9600000000000000       0.70719605047554623     
   1.9800000000000000       0.70719447225043053     
   2.0000000000000000       0.70719283857838144     
   2.0200000000000000       0.70719115207316952     
   2.0400000000000000       0.70718941543309555     
   2.0600000000000001       0.70718763143671126     
   2.0800000000000001       0.70718580293834088     
   2.1000000000000001       0.70718393286354542     
   2.1200000000000001       0.70718202420442533     
   2.1400000000000001       0.70718008001483879     
   2.1600000000000001       0.70717810340552167     
   2.1800000000000002       0.70717609753910515     
   2.2000000000000002       0.70717406562506402     
   2.2200000000000002       0.70717201091457416     
   2.2400000000000002       0.70716993669531159     
   2.2600000000000002       0.70716784628621110     
   2.2800000000000002       0.70716574303212176     
   2.3000000000000003       0.70716363029850182     
   2.3199999999999998       0.70716151146597794     
   2.3399999999999999       0.70715938992499305     
   2.3599999999999999       0.70715726907033460     
   2.3799999999999999       0.70715515229573889     
   2.3999999999999999       0.70715304298842663     
   2.4199999999999999       0.70715094452371707     
   2.4399999999999999       0.70714886025959478     
   2.4600000000000000       0.70714679353135901     
   2.4800000000000000       0.70714474764627222     
   2.5000000000000000       0.70714272587827420     
   2.5200000000000000       0.70714073146273682     
   2.5400000000000000       0.70713876759128969     
   2.5600000000000001       0.70713683740670819     
   2.5800000000000001       0.70713494399788357     
   2.6000000000000001       0.70713309039488303     
   2.6200000000000001       0.70713127956408728     
   2.6400000000000001       0.70712951440346039     
   2.6600000000000001       0.70712779773789103     
   2.6800000000000002       0.70712613231468369     
   2.7000000000000002       0.70712452079915278     
   2.7200000000000002       0.70712296577035139     
   2.7400000000000002       0.70712146971696876     
   2.7600000000000002       0.70712003503329668     
   2.7800000000000002       0.70711866401545209     
   2.8000000000000003       0.70711735885764426     
   2.8199999999999998       0.70711612164872206     
   2.8399999999999999       0.70711495436876359     
   2.8599999999999999       0.70711385888596745     
   2.8799999999999999       0.70711283695360683     
   2.8999999999999999       0.70711189020726928     
   2.9199999999999999       0.70711102016219785     
   2.9399999999999999       0.70711022821089486     
   2.9600000000000000       0.70710951562086977     
   2.9800000000000000       0.70710888353262391     
   3.0000000000000000       0.70710833295781683     
   3.0200000000000000       0.70710786477764587     
   3.0400000000000000       0.70710747974143962     
   3.0600000000000001       0.70710717846545512     
   3.0800000000000001       0.70710696143188856     
   3.1000000000000001       0.70710682898810528     
   3.1200000000000001       0.70710678134608229     
   3.1400000000000001       0.70710681858207725     
   3.1600000000000001       0.70710694063648849     
   3.1800000000000002       0.70710714731396651     
   3.2000000000000002       0.70710743828371958     
   3.2200000000000002       0.70710781308004822     
   3.2400000000000002       0.70710827110308472     
   3.2600000000000002       0.70710881161975703     
   3.2800000000000002       0.70710943376496438     
   3.3000000000000003       0.70711013654296173     
   3.3200000000000003       0.70711091882894972     
   3.3399999999999999       0.70711177937088954     
   3.3599999999999999       0.70711271679149268     
   3.3799999999999999       0.70711372959042551     
   3.3999999999999999       0.70711481614673988     
   3.4199999999999999       0.70711597472142595     
   3.4399999999999999       0.70711720346023632     
   3.4600000000000000       0.70711850039662527     
   3.4800000000000000       0.70711986345492561     
   3.5000000000000000       0.70712129045364247     
   3.5200000000000000       0.70712277910897536     
   3.5400000000000000       0.70712432703845562     
   3.5600000000000001       0.70712593176476102     
   3.5800000000000001       0.70712759071970510     
   3.6000000000000001       0.70712930124831341     
   3.6200000000000001       0.70713106061310960     
   3.6400000000000001       0.70713286599847103     
   3.6600000000000001       0.70713471451514764     
   3.6800000000000002       0.70713660320490035     
   3.7000000000000002       0.70713852904520025     
   3.7200000000000002       0.70714048895412118     
   3.7400000000000002       0.70714247979520772     
   3.7600000000000002       0.70714449838256244     
   3.7800000000000002       0.70714654148588707     
   3.8000000000000003       0.70714860583570138     
   3.8200000000000003       0.70715068812853776     
   3.8399999999999999       0.70715278503225432     
   3.8599999999999999       0.70715489319135205     
   3.8799999999999999       0.70715700923235414     
   3.8999999999999999       0.70715912976920137     
   3.9199999999999999       0.70716125140867059     
   3.9399999999999999       0.70716337075580704     
   3.9600000000000000       0.70716548441934735     
   3.9800000000000000       0.70716758901716126     
   4.0000000000000000       0.70716968118164802     
   4.0200000000000005       0.70717175756514195     
   4.0400000000000000       0.70717381484524222     
   4.0600000000000005       0.70717584973016145     
   4.0800000000000001       0.70717785896395591     
   4.0999999999999996       0.70717983933177242     
   4.1200000000000001       0.70718178766495277     
   4.1399999999999997       0.70718370084613269     
   4.1600000000000001       0.70718557581421815     
   4.1799999999999997       0.70718740956926895     
   4.2000000000000002       0.70718919917732304     
   4.2199999999999998       0.70719094177505526     
   4.2400000000000002       0.70719263457440662     
   4.2599999999999998       0.70719427486697339     
   4.2800000000000002       0.70719586002841861     
   4.2999999999999998       0.70719738752259309     
   4.3200000000000003       0.70719885490565670     
   4.3399999999999999       0.70720025982993129     
   4.3600000000000003       0.70720160004770560     
   4.3799999999999999       0.70720287341477439     
   4.4000000000000004       0.70720407789393025     
   4.4199999999999999       0.70720521155815363     
   4.4400000000000004       0.70720627259376001     
   4.4600000000000000       0.70720725930324069     
   4.4800000000000004       0.70720817010802839     
   4.5000000000000000       0.70720900355097749     
   4.5200000000000005       0.70720975829872668     
   4.5400000000000000       0.70721043314380749     
   4.5600000000000005       0.70721102700659488     
   4.5800000000000001       0.70721153893701505     
   4.6000000000000005       0.70721196811607889     
   4.6200000000000001       0.70721231385718042     
   4.6399999999999997       0.70721257560720163     
   4.6600000000000001       0.70721275294739649     
   4.6799999999999997       0.70721284559405073     
   4.7000000000000002       0.70721285339895512     
   4.7199999999999998       0.70721277634961544     
   4.7400000000000002       0.70721261456930451     
   4.7599999999999998       0.70721236831682743     
   4.7800000000000002       0.70721203798614940     
   4.7999999999999998       0.70721162410573035     
   4.8200000000000003       0.70721112733770120     
   4.8399999999999999       0.70721054847679277     
   4.8600000000000003       0.70720988844908150     
   4.8799999999999999       0.70720914831048165     
   4.9000000000000004       0.70720832924509602     
   4.9199999999999999       0.70720743256327767     
   4.9400000000000004       0.70720645969957641     
   4.9600000000000000       0.70720541221041189     
   4.9800000000000004       0.70720429177161148     
   5.0000000000000000       0.70720310017571142     
   5.0200000000000005       0.70720183932910485     
   5.0400000000000000       0.70720051124897931     
   5.0600000000000005       0.70719911806010527     
   5.0800000000000001       0.70719766199142675     
   5.1000000000000005       0.70719614537251008     
   5.1200000000000001       0.70719457062980184     
   5.1399999999999997       0.70719294028276680     
   5.1600000000000001       0.70719125693984308     
   5.1799999999999997       0.70718952329428075     
   5.2000000000000002       0.70718774211982971     
   5.2199999999999998       0.70718591626630578     
   5.2400000000000002       0.70718404865503404     
   5.2599999999999998       0.70718214227416987     
   5.2800000000000002       0.70718020017392880     
   5.2999999999999998       0.70717822546169828     
   5.3200000000000003       0.70717622129707680     
   5.3399999999999999       0.70717419088680922     
   5.3600000000000003       0.70717213747966401     
   5.3799999999999999       0.70717006436123908     
   5.4000000000000004       0.70716797484869198     
   5.4199999999999999       0.70716587228545058     
   5.4400000000000004       0.70716376003584924     
   5.4600000000000000       0.70716164147975269     
   5.4800000000000004       0.70715952000715021     
   5.5000000000000000       0.70715739901272434     
   5.5200000000000005       0.70715528189042842     
   5.5400000000000000       0.70715317202804207     
   5.5600000000000005       0.70715107280176592     
   5.5800000000000001       0.70714898757080558     
   5.6000000000000005       0.70714691967200238     
   5.6200000000000001       0.70714487241449386     
   5.6399999999999997       0.70714284907441127     
   5.6600000000000001       0.70714085288964301     
   5.6799999999999997       0.70713888705464512     
   5.7000000000000002       0.70713695471533411     
   5.7199999999999998       0.70713505896405204     
   5.7400000000000002       0.70713320283460723     
   5.7599999999999998       0.70713138929743080     
   5.7800000000000002       0.70712962125480683     
   5.7999999999999998       0.70712790153623972     
   5.8200000000000003       0.70712623289391885     
   5.8399999999999999       0.70712461799830495     
   5.8600000000000003       0.70712305943387344     
   5.8799999999999999       0.70712155969494739     
   5.9000000000000004       0.70712012118173950     
   5.9199999999999999       0.70711874619647497     
   5.9400000000000004       0.70711743693973428     
   5.9600000000000000       0.70711619550690119     
   5.9800000000000004       0.70711502388483349     
   6.0000000000000000       0.70711392394866179     
   6.0200000000000005       0.70711289745880268     
   6.0400000000000000       0.70711194605812222     
   6.0600000000000005       0.70711107126932693     
   6.0800000000000001       0.70711027449249630     
   6.1000000000000005       0.70710955700287814     
   6.1200000000000001       0.70710891994879921     
   6.1400000000000006       0.70710836434988200     
   6.1600000000000001       0.70710789109534811     
   6.1799999999999997       0.70710750094266928     
   6.2000000000000002       0.70710719451626614     
   6.2199999999999998       0.70710697230660224     
   6.2400000000000002       0.70710683466930768     
   6.2599999999999998       0.70710678182469189     
   6.2800000000000002       0.70710681385731400     
   6.2999999999999998       0.70710693071592745     
   6.3200000000000003       0.70710713221347432     
   6.3399999999999999       0.70710741802747790     
   6.3600000000000003       0.70710778770046290     
   6.3799999999999999       0.70710824064078903     
   6.4000000000000004       0.70710877612349432     
   6.4199999999999999       0.70710939329155942     
   6.4400000000000004       0.70711009115717882     
   6.4600000000000000       0.70711086860344374     
   6.4800000000000004       0.70711172438603054     
   6.5000000000000000       0.70711265713529647     
   6.5200000000000005       0.70711366535835796     
   6.5400000000000000       0.70711474744161540     
   6.5600000000000005       0.70711590165319238     
   6.5800000000000001       0.70711712614584876     
   6.6000000000000005       0.70711841895980732     
   6.6200000000000001       0.70711977802602688     
   6.6400000000000006       0.70712120116937305     
   6.6600000000000001       0.70712268611224127     
   6.6799999999999997       0.70712423047807293     
   6.7000000000000002       0.70712583179528510     
   6.7199999999999998       0.70712748750110732     
   6.7400000000000002       0.70712919494579873     
   6.7599999999999998       0.70713095139678561     
   6.7800000000000002       0.70713275404313436     
   6.7999999999999998       0.70713459999995987     
   6.8200000000000003       0.70713648631312698     
   6.8399999999999999       0.70713840996390198     
   6.8600000000000003       0.70714036787386714     
   6.8799999999999999       0.70714235690975680     
   6.9000000000000004       0.70714437388857332     
   6.9199999999999999       0.70714641558257574     
   6.9400000000000004       0.70714847872455089     
   6.9600000000000000       0.70715056001294829     
   6.9800000000000004       0.70715265611724609     
   7.0000000000000000       0.70715476368321117     
   7.0200000000000005       0.70715687933832239     
   7.0400000000000000       0.70715899969712992     
   7.0600000000000005       0.70716112136670073     
   7.0800000000000001       0.70716324095201821     
   7.1000000000000005       0.70716535506144862     
   7.1200000000000001       0.70716746031214039     
   7.1400000000000006       0.70716955333544584     
   7.1600000000000001       0.70717163078232592     
   7.1799999999999997       0.70717368932867397     
   7.2000000000000002       0.70717572568067411     
   7.2199999999999998       0.70717773658003902     
   7.2400000000000002       0.70717971880923913     
   7.2599999999999998       0.70718166919664471     
   7.2800000000000002       0.70718358462160513     
   7.2999999999999998       0.70718546201942134     
   7.3200000000000003       0.70718729838628291     
   7.3399999999999999       0.70718909078402625     
   7.3600000000000003       0.70719083634488755     
   7.3799999999999999       0.70719253227603274     
   7.4000000000000004       0.70719417586408240     
   7.4199999999999999       0.70719576447939014     
   7.4400000000000004       0.70719729558031452     
   7.4600000000000000       0.70719876671721404     
   7.4800000000000004       0.70720017553642656     
   7.5000000000000000       0.70720151978398715     
   7.5200000000000005       0.70720279730926938     
   7.5400000000000000       0.70720400606838163     
   7.5600000000000005       0.70720514412748758     
   7.5800000000000001       0.70720620966584158     
   7.6000000000000005       0.70720720097875756     
   7.6200000000000001       0.70720811648027859     
   7.6400000000000006       0.70720895470576683     
   7.6600000000000001       0.70720971431418755     
   7.6799999999999997       0.70721039409032016     
   7.7000000000000002       0.70721099294662537     
   7.7199999999999998       0.70721150992506499     
   7.7400000000000002       0.70721194419854905     
   7.7599999999999998       0.70721229507234840     
   7.7800000000000002       0.70721256198510551     
   7.7999999999999998       0.70721274450984095     
   7.8200000000000003       0.70721284235452342     
   7.8399999999999999       0.70721285536264866     
   7.8600000000000003       0.70721278351337846     
   7.8799999999999999       0.70721262692168563     
   7.9000000000000004       0.70721238583805857     
   7.9199999999999999       0.70721206064820707     
   7.9400000000000004       0.70721165187235047     
   7.9600000000000000       0.70721116016447050     
   7.9800000000000004       0.70721058631118960     
   8.0000000000000000       0.70720993123057996     
   8.0199999999999996       0.70720919597063880     
   8.0400000000000009       0.70720838170766331     
   8.0600000000000005       0.70720748974432446     
   8.0800000000000001       0.70720652150762076     
   8.0999999999999996       0.70720547854657145     
   8.1200000000000010       0.70720436252976171     
   8.1400000000000006       0.70720317524264498     
   8.1600000000000001       0.70720191858472703     
   8.1799999999999997       0.70720059456648809     
   8.1999999999999993       0.70719920530620739     
   8.2200000000000006       0.70719775302653298     
   8.2400000000000002       0.70719624005097703     
   8.2599999999999998       0.70719466880014847     
   8.2799999999999994       0.70719304178793208     
   8.3000000000000007       0.70719136161741936     
   8.3200000000000003       0.70718963097679588     
   8.3399999999999999       0.70718785263499107     
   8.3599999999999994       0.70718602943729914     
   8.3800000000000008       0.70718416430077902     
   8.4000000000000004       0.70718226020964137     
   8.4199999999999999       0.70718032021042476     
   8.4399999999999995       0.70717834740716035     
   8.4600000000000009       0.70717634495638471     
   8.4800000000000004       0.70717431606210579     
   8.5000000000000000       0.70717226397065880     
   8.5199999999999996       0.70717019196553743     
   8.5400000000000009       0.70716810336211444     
   8.5600000000000005       0.70716600150236519     
   8.5800000000000001       0.70716388974948918     
   8.5999999999999996       0.70716177148256421     
   8.6200000000000010       0.70715965009110515     
   8.6400000000000006       0.70715752896967088     
   8.6600000000000001       0.70715541151240802     
   8.6799999999999997       0.70715330110764063     
   8.7000000000000011       0.70715120113242447     
   8.7200000000000006       0.70714911494717081     
   8.7400000000000002       0.70714704589023936     
   8.7599999999999998       0.70714499727262581     
   8.7799999999999994       0.70714297237262991     
   8.8000000000000007       0.70714097443063828     
   8.8200000000000003       0.70713900664391460     
   8.8399999999999999       0.70713707216150257     
   8.8599999999999994       0.70713517407916593     
   8.8800000000000008       0.70713331543444546     
   8.9000000000000004       0.70713149920179330     
   8.9199999999999999       0.70712972828781084     
   8.9399999999999995       0.70712800552659294     
   8.9600000000000009       0.70712633367519540     
   8.9800000000000004       0.70712471540921928     
   9.0000000000000000       0.70712315331852393     
   9.0199999999999996       0.70712164990308635     
   9.0400000000000009       0.70712020756899208     
   9.0600000000000005       0.70711882862458775     
   9.0800000000000001       0.70711751527678135     
   9.0999999999999996       0.70711626962751362     
   9.1200000000000010       0.70711509367037984     
   9.1400000000000006       0.70711398928745550     
   9.1600000000000001       0.70711295824627041     
   9.1799999999999997       0.70711200219697545     
   9.2000000000000011       0.70711112266971410     
   9.2200000000000006       0.70711032107215566     
   9.2400000000000002       0.70710959868725332     
   9.2599999999999998       0.70710895667117979     
   9.2799999999999994       0.70710839605148668     
   9.3000000000000007       0.70710791772544934     
   9.3200000000000003       0.70710752245863329     
   9.3399999999999999       0.70710721088366701     
   9.3599999999999994       0.70710698349923662     
   9.3800000000000008       0.70710684066926366     
   9.4000000000000004       0.70710678262236382     
   9.4199999999999999       0.70710680945143134     
   9.4399999999999995       0.70710692111353490     
   9.4600000000000009       0.70710711742994736     
   9.4800000000000004       0.70710739808646961     
   9.5000000000000000       0.70710776263389896     
   9.5199999999999996       0.70710821048878025     
   9.5400000000000009       0.70710874093430742     
   9.5600000000000005       0.70710935312150536     
   9.5800000000000001       0.70711004607055838     
   9.5999999999999996       0.70711081867240988     
   9.6200000000000010       0.70711166969050687     
   9.6400000000000006       0.70711259776281143     
   9.6600000000000001       0.70711360140395074     
   9.6799999999999997       0.70711467900762692     
   9.7000000000000011       0.70711582884916291     
   9.7200000000000006       0.70711704908828465     
   9.7400000000000002       0.70711833777205135     
   9.7599999999999998       0.70711969283799936     
   9.7799999999999994       0.70712111211742545     
   9.8000000000000007       0.70712259333888183     
   9.8200000000000003       0.70712413413178721     
   9.8399999999999999       0.70712573203025830     
   9.8599999999999994       0.70712738447700940     
   9.8800000000000008       0.70712908882749981     
   9.9000000000000004       0.70713084235412227     
   9.9199999999999999       0.70713264225060679     
   9.9399999999999995       0.70713448563647996     
   9.9600000000000009       0.70713636956170689     
   9.9800000000000004       0.70713829101139192     
   10.000000000000000       0.70714024691061428     
   10.020000000000000       0.70714223412935318     
   10.040000000000001       0.70714424948748611     
   10.060000000000000       0.70714628975989280     
   10.080000000000000       0.70714835168160994     
   10.100000000000000       0.70715043195305616     
   10.120000000000001       0.70715252724532141     
   10.140000000000001       0.70715463420548008     
   10.160000000000000       0.70715674946197149     
   10.180000000000000       0.70715886962998764     
   10.200000000000001       0.70716099131689114     
   10.220000000000001       0.70716311112764796     
   10.240000000000000       0.70716522567024875     
   10.260000000000000       0.70716733156115319     
   10.279999999999999       0.70716942543068972     
   10.300000000000001       0.70717150392845796     
   10.320000000000000       0.70717356372867257     
   10.340000000000000       0.70717560153550607     
   10.359999999999999       0.70717761408834368     
   10.380000000000001       0.70717959816700871     
   10.400000000000000       0.70718155059691046     
   10.420000000000000       0.70718346825412326     
   10.440000000000000       0.70718534807038524     
   10.460000000000001       0.70718718703800554     
   10.480000000000000       0.70718898221466719     
   10.500000000000000       0.70719073072814453     
   10.520000000000000       0.70719242978089858     
   10.540000000000001       0.70719407665453238     
   10.560000000000000       0.70719566871416262     
   10.580000000000000       0.70719720341261638     
   10.600000000000000       0.70719867829451133     
   10.620000000000001       0.70720009100018411     
   10.640000000000001       0.70720143926945533     
   10.660000000000000       0.70720272094525549     
   10.680000000000000       0.70720393397706494     
   10.700000000000001       0.70720507642419872     
   10.720000000000001       0.70720614645890312     
   10.740000000000000       0.70720714236928295     
   10.760000000000000       0.70720806256203950     
   10.779999999999999       0.70720890556501692     
   10.800000000000001       0.70720967002955415     
   10.820000000000000       0.70721035473263660     
   10.840000000000000       0.70721095857886940     
   10.859999999999999       0.70721148060220818     
   10.880000000000001       0.70721191996751231     
   10.900000000000000       0.70721227597188574     
   10.920000000000000       0.70721254804578781     
   10.940000000000000       0.70721273575395294     
   10.960000000000001       0.70721283879608787     
   10.980000000000000       0.70721285700734104     
   11.000000000000000       0.70721279035858664     
   11.020000000000000       0.70721263895644404     
   11.040000000000001       0.70721240304312316     
   11.060000000000000       0.70721208299604377     
   11.080000000000000       0.70721167932721962     
   11.100000000000000       0.70721119268243671     
   11.120000000000001       0.70721062384023992     
   11.140000000000001       0.70720997371066763     
   11.160000000000000       0.70720924333380986     
   11.180000000000000       0.70720843387814070     
   11.200000000000001       0.70720754663864804     
   11.220000000000001       0.70720658303476425     
   11.240000000000000       0.70720554460810359     
   11.260000000000000       0.70720443301999214     
   11.279999999999999       0.70720325004880413     
   11.300000000000001       0.70720199758712854     
   11.320000000000000       0.70720067763874472     
   11.340000000000000       0.70719929231540701     
   11.359999999999999       0.70719784383347706     
   11.380000000000001       0.70719633451037478     
   11.400000000000000       0.70719476676088144     
   11.420000000000000       0.70719314309326409     
   11.440000000000000       0.70719146610527450     
   11.460000000000001       0.70718973847999156     
   11.480000000000000       0.70718796298153486     
   11.500000000000000       0.70718614245063260     
   11.520000000000000       0.70718427980009169     
   11.540000000000001       0.70718237801012762     
   11.560000000000000       0.70718044012360337     
   11.580000000000000       0.70717846924117000     
   11.600000000000000       0.70717646851628801     
   11.620000000000001       0.70717444115019523     
   11.640000000000001       0.70717239038679469     
   11.660000000000000       0.70717031950743703     
   11.680000000000000       0.70716823182570687     
   11.700000000000001       0.70716613068208656     
   11.720000000000001       0.70716401943864571     
   11.740000000000000       0.70716190147362645     
   11.760000000000000       0.70715978017607817     
   11.779999999999999       0.70715765894038962     
   11.800000000000001       0.70715554116090185     
   11.820000000000000       0.70715343022644261     
   11.840000000000000       0.70715132951492432     
   11.859999999999999       0.70714924238792343     
   11.880000000000001       0.70714717218531487     
   11.900000000000000       0.70714512221991521     
   11.920000000000000       0.70714309577218837     
   11.940000000000000       0.70714109608499143     
   11.960000000000001       0.70713912635838327     
   11.980000000000000       0.70713718974450424     
   12.000000000000000       0.70713528934253278     
   12.020000000000000       0.70713342819371805     
   12.040000000000001       0.70713160927651864     
   12.060000000000000       0.70712983550182851     
   12.080000000000000       0.70712810970832640     
   12.100000000000000       0.70712643465790892     
   12.120000000000001       0.70712481303130525     
   12.140000000000001       0.70712324742374577     
   12.160000000000000       0.70712174034084019     
   12.180000000000000       0.70712029419453826     
   12.200000000000001       0.70711891129928739     
   12.220000000000001       0.70711759386832085     
   12.240000000000000       0.70711634401010859     
   12.260000000000000       0.70711516372498751     
   12.280000000000001       0.70711405490195378     
   12.300000000000001       0.70711301931564396     
   12.320000000000000       0.70711205862348747     
   12.340000000000000       0.70711117436305393     
   12.359999999999999       0.70711036794958693     
   12.380000000000001       0.70710964067374871     
   12.400000000000000       0.70710899369954294     
   12.420000000000000       0.70710842806245067     
   12.440000000000000       0.70710794466778204     
   12.460000000000001       0.70710754428921219     
   12.480000000000000       0.70710722756755318     
   12.500000000000000       0.70710699500972218     
   12.520000000000000       0.70710684698793458     
   12.540000000000001       0.70710678373909985     
   12.560000000000000       0.70710680536444959     
   12.580000000000000       0.70710691182937224     
   12.600000000000000       0.70710710296346735     
   12.620000000000001       0.70710737846082394     
   12.640000000000001       0.70710773788050130     
   12.660000000000000       0.70710818064724212     
   12.680000000000000       0.70710870605239740     
   12.700000000000001       0.70710931325504989     
   12.720000000000001       0.70711000128336488     
   12.740000000000000       0.70711076903615599     
   12.760000000000000       0.70711161528464084     
   12.780000000000001       0.70711253867440393     
   12.800000000000001       0.70711353772757635     
   12.820000000000000       0.70711461084519478     
   12.840000000000000       0.70711575630976709     
   12.859999999999999       0.70711697228802073     
   12.880000000000001       0.70711825683383367     
   12.900000000000000       0.70711960789136452     
   12.920000000000000       0.70712102329832516     
   12.940000000000000       0.70712250078946226     
   12.960000000000001       0.70712403800017176     
   12.980000000000000       0.70712563247028837     
   13.000000000000000       0.70712728164802552     
   13.020000000000000       0.70712898289406478     
   13.040000000000001       0.70713073348577093     
   13.060000000000000       0.70713253062156323     
   13.080000000000000       0.70713437142539559     
   13.100000000000000       0.70713625295135107     
   13.120000000000001       0.70713817218838126     
   13.140000000000001       0.70714012606510179     
   13.160000000000000       0.70714211145472594     
   13.180000000000000       0.70714412518005887     
   13.200000000000001       0.70714616401859276     
   13.220000000000001       0.70714822470765171     
   13.240000000000000       0.70715030394962886     
   13.260000000000000       0.70715239841725852     
   13.280000000000001       0.70715450475893737     
   13.300000000000001       0.70715661960408538     
   13.320000000000000       0.70715873956855413     
   13.340000000000000       0.70716086126003197     
   13.359999999999999       0.70716298128347055     
   13.380000000000001       0.70716509624652557     
   13.400000000000000       0.70716720276497680     
   13.420000000000000       0.70716929746815138     
   13.440000000000000       0.70717137700430244     
   13.460000000000001       0.70717343804599520     
   13.480000000000000       0.70717547729540342     
   13.500000000000000       0.70717749148960918     
   13.520000000000000       0.70717947740580489     
   13.540000000000001       0.70718143186645777     
   13.560000000000000       0.70718335174439362     
   13.580000000000000       0.70718523396779553     
   13.600000000000000       0.70718707552511195     
   13.620000000000001       0.70718887346989179     
   13.640000000000001       0.70719062492547535     
   13.660000000000000       0.70719232708961155     
   13.680000000000000       0.70719397723892952     
   13.700000000000001       0.70719557273330214     
   13.720000000000001       0.70719711102005889     
   13.740000000000000       0.70719858963807802     
   13.760000000000000       0.70720000622171264     
   13.780000000000001       0.70720135850458521     
   13.800000000000001       0.70720264432319968     
   13.820000000000000       0.70720386162040805     
   13.840000000000000       0.70720500844870049     
   13.859999999999999       0.70720608297331522     
   13.880000000000001       0.70720708347517125     
   13.900000000000000       0.70720800835362951     
   13.920000000000000       0.70720885612902751     
   13.940000000000000       0.70720962544507582     
   13.960000000000001       0.70721031507099941     
   13.980000000000000       0.70721092390352391     
   14.000000000000000       0.70721145096862470     
   14.020000000000000       0.70721189542310603     
   14.040000000000001       0.70721225655591691     
   14.060000000000000       0.70721253378932047     
   14.080000000000000       0.70721272667979385     
   14.100000000000000       0.70721283491875475     
   14.120000000000001       0.70721285833303871     
   14.140000000000001       0.70721279688518912     
   14.160000000000000       0.70721265067351091     
   14.180000000000000       0.70721241993191353     
   14.200000000000001       0.70721210502953702     
   14.220000000000001       0.70721170647016551     
   14.240000000000000       0.70721122489141353     
   14.260000000000000       0.70721066106371766     
   14.280000000000001       0.70721001588909771     
   14.300000000000001       0.70720929039971292     
   14.320000000000000       0.70720848575621476     
   14.340000000000000       0.70720760324590359     
   14.359999999999999       0.70720664428063740     
   14.380000000000001       0.70720561039461005     
   14.400000000000000       0.70720450324188266     
   14.420000000000000       0.70720332459373592     
   14.440000000000000       0.70720207633583787     
   14.460000000000001       0.70720076046524560     
   14.480000000000000       0.70719937908718367     
   14.500000000000000       0.70719793441170464     
   14.520000000000000       0.70719642875013999     
   14.540000000000001       0.70719486451140645     
   14.560000000000000       0.70719324419815532     
   14.580000000000000       0.70719157040277181     
   14.600000000000000       0.70718984580322763     
   14.620000000000001       0.70718807315879362     
   14.640000000000001       0.70718625530563428     
   14.660000000000000       0.70718439515226972     
   14.680000000000000       0.70718249567491898     
   14.700000000000001       0.70718055991274775     
   14.720000000000001       0.70717859096299918     
   14.740000000000000       0.70717659197604243     
   14.760000000000000       0.70717456615033758     
   14.780000000000001       0.70717251672730930     
   14.800000000000001       0.70717044698617770     
   14.820000000000000       0.70716836023869112     
   14.840000000000000       0.70716625982384373     
   14.859999999999999       0.70716414910253189     
   14.880000000000001       0.70716203145216339     
   14.900000000000000       0.70715991026127989     
   14.920000000000000       0.70715778892410197     
   14.940000000000000       0.70715567083512387     
   14.960000000000001       0.70715355938367519     
   14.980000000000000       0.70715145794848877     
   15.000000000000000       0.70714936989229815     
   15.020000000000000       0.70714729855645908     
   15.040000000000001       0.70714524725561079     
   15.060000000000000       0.70714321927234436     
   15.080000000000000       0.70714121785197315     
   15.100000000000000       0.70713924619732582     
   15.120000000000001       0.70713730746362979     
   15.140000000000001       0.70713540475345593     
   15.160000000000000       0.70713354111174342     
   15.180000000000000       0.70713171952093912     
   15.200000000000001       0.70712994289621867     
   15.220000000000001       0.70712821408080628     
   15.240000000000000       0.70712653584145180     
   15.260000000000000       0.70712491086397855     
   15.280000000000001       0.70712334174897373     
   15.300000000000001       0.70712183100766390     
   15.320000000000000       0.70712038105785402     
   15.340000000000000       0.70711899422007585     
   15.359999999999999       0.70711767271387782     
   15.380000000000001       0.70711641865424135     
   15.400000000000000       0.70711523404822973     
   15.420000000000000       0.70711412079176061     
   15.440000000000000       0.70711308066655598     
   15.460000000000001       0.70711211533731821     
   15.480000000000000       0.70711122634903101     
   15.500000000000000       0.70711041512450834     
   15.520000000000000       0.70710968296211063     
   15.540000000000001       0.70710903103366252     
   15.560000000000000       0.70710846038257735     
   15.580000000000000       0.70710797192218566     
   15.600000000000000       0.70710756643427308     
   15.620000000000001       0.70710724456782303     
   15.640000000000001       0.70710700683799599     
   15.660000000000000       0.70710685362527914     
   15.680000000000000       0.70710678517489112     
   15.700000000000001       0.70710680159639172     
   15.720000000000001       0.70710690286349398     
   15.740000000000000       0.70710708881412265     
   15.760000000000000       0.70710735915065326     
   15.780000000000001       0.70710771344041567     
   15.800000000000001       0.70710815111635772     
   15.820000000000000       0.70710867147797740     
   15.840000000000000       0.70710927369242982     
   15.860000000000001       0.70710995679586797     
   15.880000000000001       0.70711071969498607     
   15.900000000000000       0.70711156116876439     
   15.920000000000000       0.70711247987043113     
   15.940000000000000       0.70711347432962324     
   15.960000000000001       0.70711454295472465     
   15.980000000000000       0.70711568403544511     
   16.000000000000000       0.70711689574550918     
   16.020000000000000       0.70711817614564354     
   16.039999999999999       0.70711952318663041     
   16.059999999999999       0.70712093471260706     
   16.080000000000002       0.70712240846453867     
   16.100000000000001       0.70712394208380125     
   16.120000000000001       0.70712553311597481     
   16.140000000000001       0.70712717901477173     
   16.160000000000000       0.70712887714612538     
   16.180000000000000       0.70713062479238498     
   16.199999999999999       0.70713241915667624     
   16.219999999999999       0.70713425736738789     
   16.240000000000002       0.70713613648275508     
   16.260000000000002       0.70713805349558567     
   16.280000000000001       0.70714000533805088     
   16.300000000000001       0.70714198888661972     
   16.320000000000000       0.70714400096703689     
   16.340000000000000       0.70714603835942769     
   16.359999999999999       0.70714809780343413     
   16.379999999999999       0.70715017600343910     
   16.399999999999999       0.70715226963383337     
   16.420000000000002       0.70715437534435654     
   16.440000000000001       0.70715648976543943     
   16.460000000000001       0.70715860951361154     
   16.480000000000000       0.70716073119690448     
   16.500000000000000       0.70716285142027202     
   16.520000000000000       0.70716496679106167     
   16.539999999999999       0.70716707392438505     
   16.559999999999999       0.70716916944859387     
   16.580000000000002       0.70717125001062353     
   16.600000000000001       0.70717331228139524     
   16.620000000000001       0.70717535296111633     
   16.640000000000001       0.70717736878457482     
   16.660000000000000       0.70717935652635255     
   16.680000000000000       0.70718131300600551     
   16.699999999999999       0.70718323509311143     
   16.719999999999999       0.70718511971233011     
   16.740000000000002       0.70718696384826885     
   16.760000000000002       0.70718876455035629     
   16.780000000000001       0.70719051893750629     
   16.800000000000001       0.70719222420279548     
   16.820000000000000       0.70719387761786834     
   16.840000000000000       0.70719547653739256     
   16.859999999999999       0.70719701840319715     
   16.879999999999999       0.70719850074844803     
   16.899999999999999       0.70719992120152586     
   16.920000000000002       0.70720127748986661     
   16.940000000000001       0.70720256744355847     
   16.960000000000001       0.70720378899884839     
   16.980000000000000       0.70720494020139946     
   17.000000000000000       0.70720601920946258     
   17.020000000000000       0.70720702429678184     
   17.039999999999999       0.70720795385538004     
   17.059999999999999       0.70720880639809403     
   17.080000000000002       0.70720958056103611     
   17.100000000000001       0.70721027510564560     
   17.120000000000001       0.70721088892080353     
   17.140000000000001       0.70721142102449508     
   17.160000000000000       0.70721187056548329     
   17.180000000000000       0.70721223682455281     
   17.199999999999999       0.70721251921579387     
   17.219999999999999       0.70721271728741542     
   17.240000000000002       0.70721283072255214     
   17.260000000000002       0.70721285933971834     
   17.280000000000001       0.70721280309315515     
   17.300000000000001       0.70721266207281197     
   17.320000000000000       0.70721243650432875     
   17.340000000000000       0.70721212674853928     
   17.359999999999999       0.70721173330102904     
   17.379999999999999       0.70721125679119801     
   17.400000000000002       0.70721069798140290     
   17.420000000000002       0.70721005776560442     
   17.440000000000001       0.70720933716806278     
   17.460000000000001       0.70720853734157629     
   17.480000000000000       0.70720765956575404     
   17.500000000000000       0.70720670524486717     
   17.520000000000000       0.70720567590570005     
   17.539999999999999       0.70720457319500762     
   17.559999999999999       0.70720339887699746     
   17.580000000000002       0.70720215483037341     
   17.600000000000001       0.70720084304549202     
   17.620000000000001       0.70719946562101121     
   17.640000000000001       0.70719802476068239     
   17.660000000000000       0.70719652276969902     
   17.680000000000000       0.70719496205114352     
   17.699999999999999       0.70719334510199483     
   17.719999999999999       0.70719167450929799     
   17.740000000000002       0.70718995294584597     
   17.760000000000002       0.70718818316610998     
   17.780000000000001       0.70718636800161561     
   17.800000000000001       0.70718451035663199     
   17.820000000000000       0.70718261320330456     
   17.840000000000000       0.70718067957713926     
   17.859999999999999       0.70717871257190379     
   17.879999999999999       0.70717671533491056     
   17.900000000000002       0.70717469106176101     
   17.920000000000002       0.70717264299145388     
   17.940000000000001       0.70717057440098030     
   17.960000000000001       0.70716848860030557     
   17.980000000000000       0.70716638892684824     
   18.000000000000000       0.70716427874037646     
   18.020000000000000       0.70716216141738630     
   18.039999999999999       0.70716004034594071     
   18.059999999999999       0.70715791892001856     
   18.080000000000002       0.70715580053431126     
   18.100000000000001       0.70715368857855820     
   18.120000000000001       0.70715158643235165     
   18.140000000000001       0.70714949745952005     
   18.160000000000000       0.70714742500293293     
   18.180000000000000       0.70714537237895669     
   18.199999999999999       0.70714334287236014     
   18.219999999999999       0.70714133973083915     
   18.240000000000002       0.70713936616003092     
   18.260000000000002       0.70713742531817336     
   18.280000000000001       0.70713552031125315     
   18.300000000000001       0.70713365418784291     
   18.320000000000000       0.70713182993440549     
   18.340000000000000       0.70713005047031852     
   18.359999999999999       0.70712831864342263     
   18.379999999999999       0.70712663722520741     
   18.400000000000002       0.70712500890665264     
   18.420000000000002       0.70712343629362739     
   18.440000000000001       0.70712192190302203     
   18.460000000000001       0.70712046815841034     
   18.480000000000000       0.70711907738646929     
   18.500000000000000       0.70711775181296499     
   18.520000000000000       0.70711649355946604     
   18.539999999999999       0.70711530463968253     
   18.559999999999999       0.70711418695648587     
   18.580000000000002       0.70711314229863587     
   18.600000000000001       0.70711217233813450     
   18.620000000000001       0.70711127862733092     
   18.640000000000001       0.70711046259664567     
   18.660000000000000       0.70710972555208229     
   18.680000000000000       0.70710906867332757     
   18.699999999999999       0.70710849301166856     
   18.719999999999999       0.70710799948850322     
   18.740000000000002       0.70710758889366920     
   18.760000000000002       0.70710726188438378     
   18.780000000000001       0.70710701898397654     
   18.800000000000001       0.70710686058126582     
   18.820000000000000       0.70710678692972828     
   18.840000000000000       0.70710679814728861     
   18.859999999999999       0.70710689421595707     
   18.879999999999999       0.70710707498200198     
   18.900000000000002       0.70710734015607668     
   18.920000000000002       0.70710768931380008     
   18.940000000000001       0.70710812189630001     
   18.960000000000001       0.70710863721126072     
   18.980000000000000       0.70710923443388074     
   19.000000000000000       0.70710991260834111     
   19.020000000000000       0.70711067064918010     
   19.039999999999999       0.70711150734319650     
   19.059999999999999       0.70711242135123675     
   19.080000000000002       0.70711341121047278     
   19.100000000000001       0.70711447533662763     
   19.120000000000001       0.70711561202663165     
   19.140000000000001       0.70711681946121530     
   19.160000000000000       0.70711809570797246     
   19.180000000000000       0.70711943872430105     
   19.199999999999999       0.70712084636080907     
   19.219999999999999       0.70712231636466794     
   19.240000000000002       0.70712384638325643     
   19.260000000000002       0.70712543396791039     
   19.280000000000001       0.70712707657787566     
   19.300000000000001       0.70712877158431953     
   19.320000000000000       0.70713051627462031     
   19.340000000000000       0.70713230785661352     
   19.359999999999999       0.70713414346314996     
   19.379999999999999       0.70713602015662158     
   19.400000000000002       0.70713793493372401     
   19.420000000000002       0.70713988473018696     
   19.440000000000001       0.70714186642576649     
   19.460000000000001       0.70714387684916424     
   19.480000000000000       0.70714591278316441     
   19.500000000000000       0.70714797096972581     
   19.520000000000000       0.70715004811525772     
   19.539999999999999       0.70715214089581802     
   19.559999999999999       0.70715424596252685     
   19.580000000000002       0.70715635994682091     
   19.600000000000001       0.70715847946594912     
   19.620000000000001       0.70716060112827694     
   19.640000000000001       0.70716272153883553     
   19.660000000000000       0.70716483730461899     
   19.680000000000000       0.70716694504015487     
   19.699999999999999       0.70716904137278869     
   19.719999999999999       0.70717112294819062     
   19.740000000000002       0.70717318643563010     
   19.760000000000002       0.70717522853339543     
   19.780000000000001       0.70717724597397291     
   19.800000000000001       0.70717923552938811     
   19.820000000000000       0.70718119401625867     
   19.840000000000000       0.70718311830098790     
   19.859999999999999       0.70718500530467832     
   19.879999999999999       0.70718685200815934     
   19.900000000000002       0.70718865545670739     
   19.920000000000002       0.70719041276488948     
   19.940000000000001       0.70719212112106011     
   19.960000000000001       0.70719377779195769     
   19.980000000000000       0.70719538012699956     
   20.000000000000000       0.70719692556259073     
